11664754849
36845540810
6260012853
8901716887
39778665834
6461875891
88300145834
8584052887
3080323815
19221924815
15120253806
3106578815
3078655849
20842821872
4976363872
20662173872
4395123872
143332872
8946027800
15105317858
61519596804
8820597853
42928613820
8231788891
21642001872
19735618834
13799924868
23430567815
48037974804
27513661804
43343180882
12603366890
4143348845
1103534807
9014691815
28877276800
19692846849
27539369868
6984673887
19543271887
30454328834
6138381815
8592080878
5477259817
11751134849
2955415715
24606510820
18833926834
7218931804
8826226849
8533440863
4694180878
4151445820
19380771800
134635868
5469538834
3614263800
5634008891
41926056868
2108550887
9116702891
11033681849
6165621872
8040249872
33439443868
2313510891
44639635834
10880356804
44408749834
38530090853
1884409849
5944988800
4171632820
69485798849
42653690810
29725232887
50183788834
48579424887
9085920868
4529472868
8465703868
11726857891
19512171872
11875844872
73895326887
155129759
12682265804
5248604834
3939537853
19876998820
3031764820
11832431894
27125440800
2569779849
11609613872
22322795887
4517873820
27759490887
41057546887
41089316887
68535104
52590380887
2806789834
11389966887
30327989815
6384854872
1102931853
20229313868
17007828868
4755480868
7017529804
3502643849
93459815
69236275834
4767004853
11721677887
20658370804
8896240891
7714009853
3504662891
11858818834
28482433849
44693516872
3278050800
12108200800
4681983853
23061596887
6563198872
2516454872
48182338891
8104492853
6721575868
5530598820
2818712807
4985010863
14309856829
88935868
6621120834
4634659891
3174571871
1903241804
30937450804
16197364891
138843872
3225378860
4151186891
6094864891
94903735834
9614176849
58371753853
35994150800
45455872834
9778772800
6746276872
13799584820
27205240859
5572444804
1142461815
27624277891
6550614872
11593753802
2069342891
8410184800
9118489834
6450873868
52480917800
15726946880
45775885872
4715314800
968579604
6813810863
28059328891
580503704
1925326853
87534010853
5456215853
21680388800
5733600810
2891972872
39922901820
86231553
43256716849
7014724800
7709749887
7542550853
239283872
33069638872
88269868
5107563872
5923948834
5302803887
4329279800
23395524868
20451482891
56425929804
17476794885
16994629848
15251088833
32390092853
1149497866
10802215815
42292883872
6416527804
6254276887
61592188834
6932266849
6273718849
38906910800
61741361834
10851569820
33198233887
39936260872
61060003872
59163100800
48902985849
11122072872
176761853
6247628820
4998308815
30275229815
27195058891
7223854804
6199836804
3345246872
4210409804
11137045868
3498590863
2768980609
14426263808
14323756879
32985487749
2271711878
626046866
6343735879
14255194823
14811417836
10457348887
18458165872
19918780878
39706532820
42834953872
9536850800
10475192834
4261992868
41136772804
917516087
19534116815
1273876768
69399875849
32080581872
7649355853
5729521804
8955979851
11502031884
38035065815
4281632891
84355654834
14786297895
5524194860
12846256802
9068548816
15303210855
12493210859
5096162834
6401139820
23427922804
6113559815
4462866800
38084244868
3005585891
24051942791
7195575853
2905132868
6962220863
7890516800
52733130820
1062506804
10727941879
4962133853
95023283887
26908956849
6738176872
26956780887
13620052824
85974668804
4660730891
14724598816
28982711791
33039291815
37640518849
60835206815
2958058891
6782639815
9151486849
6740529868
6463061891
4972589868
9700706834
16596773868
59135549734
14915442870
2273932871
14403134823
46829482887
11246956802
33296839887
14710982813
15240401853
631757899
81398743887
28254341834
60908424868
60658983849
5890497804
32342446853
4654757872
6944922800
4846354849
10554939800
49216252804
3360288815
9034536815
28573307820
20886900859
268712891
8296685868
6521134868
29351391868
322830087
1074105834
6288243868
7191502800
9812687815
27350606834
5230500891
23010851804
6336973891
2290316849
3074846887
27106365815
6128750834
30930774868
6681492800
23392754820
94731756804
18952682815
19097697891
4682653849
17064139804
21997977834
2368633804
2234548853
15083527804
4986865820
23241764834
8186316868
2724987853
40282872868
5262631800
6715010897
6366864853
303887834
2238730800
5229839872
23275766872
18834299868
55572375853
45529485804
5148774800
2459884834
14395886868
36590029849
334731534
2863561804
2675684872
2218054868
6340261868
2776111800
6416152800
42692474872
31901328872
29531233853
8970092820
5808880882
48895806891
7577133868
5094127853
5750482804
3790320820
3363902891
10799214868
1899600868
10219285853
24159697887
5161070897
3812662817
23155442891
10388463821
4288696887
58442375872
11030283834
10485490897
8448442849
26474298804
35182806868
7957017800
7094965834
68141416804
43034411804
5368235887
28747186887
39837394820
56241089820
6974805853
61272825868
8001618820
6463347868
15504590825
49967037849
4785975849
3922634834
11195568800
61709425849
9819460891
49186434853
19097654815
33259011820
9935517853
139319891
10260560804
2188066804
18155804
67331505815
49864270834
56152728800
8124361800
4435761815
56610548820
7616546820
7856458887
26152800820
6969097820
4679954868
6270239834
50005308887
3935671849
59231920804
3422143815
6658415820
11683929853
3099652849
6266673800
11121432891
10420770887
3396100859
6596975800
383317800
18941141834
38513099872
4732529534
14480689400
12899852868
12115410882
53364660859
39585107872
37516051853
22423125887
8432287849
6502954804
11478675853
5099536891
12069540863
38941694868
3807142800
8827737804
4490746849
5377935853
4790030849
5054877800
38086620859
10312951868
2236192800
6453970830
44911653868
43106862815
64107043800
61729868800
99418452804
11178493920
8870551849
10849440815
41553519868
6472184887
10815740891
2109832800
27960790825
30322022800
26467321804
21671923804
3689930863
3354040815
12507903872
3460517891
28305493849
4925360825
57632880844
211443891
32206330806
22999647891
44947950897
7195796868
6270220815
55059147800
7346071808
14336842841
16568561827
5940281834
16410985894
14246381861
23788461691
8757185824
15316442873
13634377801
13598874820
46155449872
3609324872
17304941880
49756982853
7209665820
18904483891
21673659853
19370245804
5298520804
18738583887
49001698891
19395507853
20618883800
49205935891
33263507834
2751933815
260940887
2633655815
18921124853
9868488834
6699464868
11138661872
64125700800
360139191
185167853
36456055849
29538416872
12820580882
20224648853
2278200887
6358667815
19479921804
3608654887
19083459853
6964966820
17533867807
5612691815
26166364849
23657766804
8605386800
53683498820
27671399868
7826176891
6620280820
3375803834
5411262887
6335756820
11460776887
4906330800
9766693820
17000173815
61525804804
737393831
12138452891
51896567800
7023995820
121509834
2065630868
13452711820
7918550820
37671413887
12308897872
6255213820
68538561804
40473430800
30925924849
12851337815
17293286872
8127670804
10711104891
28879643800
9188274853
6593313815
16791665815
37881272872
3458792872
6120571868
5573840878
3186130859
20227736834
5137136891
53089111853
47974273887
26727021872
25786091872
213195887
268607834
91162815
8712603872
8977461804
1045628891
239771834
4744845800
5460506891
3035999872
6078389815
3902617853
6667279887
56550324815
12682274803
21432465872
5977193815
77852834
61537764853
19740921868
2516870825
60023201800
10087001853
58706305849
10431900825
8139032891
28083440825
47303379800
12490270800
8701865820
62167936834
20681062800
46267670872
58032274804
4053966868
38196751834
10554653834
19233850897
1731130872
62384457853
41125185872
53753062804
17473512889
6403173839
5874777849
27605701853
11800488815
57847002868
7004761800
3035450897
49898094834
10975713868
33331081868
285331868
52727297815
1960342800
23511974887
2526840872
170011887
13553553898
14770465858
66632625800
6665810887
4765001849
4711238891
6112854872
6574050863
7776713872
18928579872
24572139830
87684977849
14292277885
8915563891
38270943800
58610103820
19935870804
57211183853
61026387868
38942623891
39294404820
12886777820
5832012887
44989040872
32146507853
4864093849
42841224872
9109552804
52204146820
32348045834
48200093891
28039254868
7922981872
47064536820
45748284804
6317502820
21741204887
10569928834
5528437849
5889774891
5744997849
26423626804
6623921834
5257794853
3989267868
9945024868
33281262872
2951231849
9848592849
33074089849
10454780834
43100791800
5181011853
2956314815
5565456800
343579804
13555751840
229113834
45158380830
9858415834
9927956800
7628269834
4631226820
59196009853
063.487.268-00
2611333815
30288711815
10384747876
2413183868
38032759891
60799013820
2012090800
1156950791
30182557804
19446063868
2524031853
3078760804
180513834
90069188815
4816285849
5770769815
9601511849
2418843815
442372868
210021853
5835976020
17076471868
3464008800
8220530804
69459029868
8410569868
6510620804
245607820
19302940853
7309147804
55476872
3259927891
1895737834
3010872887
7058519820
132217872
8805822868
4000420887
9140948820
18416403872
5689856800
33192472804
5590000815
4990757815
24027499700
33033781853
4834356868
44240597820
13823620800
25341006887
10433120800
2482380863
10694153834
3390608834
3053059720
5969638820
13777718815
7654510853
4737393800
9445340744
15721253819
13172171876
57027145804
15228845801
5160618872
16689497844
16099544836
6995683820
27615057868
8854874868
27170705834
2591030804
6540899815
15730380836
16900878890
6313337891
61126837849
16598228824
57659788868
2705451820
28137965815
4719387853
7973942815
67760180810
56844026820
10080139868
11179500857
29421156889
4437004868
50984888853
6261612404
24695655888
15702074882
5053994820
7237684809
13478272858
16642616804
15739070813
15267521825
19685050830
5852587834
26831198872
7737793887
63762587868
34566023834
1141589834
5142598849
4636520882
21469652820
1998293815
4642120815
42814790820
5330955815
22378022891
66033373804
3303420882
2502925800
90522834
8025410897
6051375872
28060113887
1892886804
4773950820
6655432804
98869043800
87276380815
315990449
27982391842
77541480800
2890933849
14679383860
33912998868
68406290820
6572596834
19145420882
23056657849
9083103820
8617155868
9109145834
27910563868
27251500
4330315815
12855554810
14908040800
47687010868
66019257800
28992703899
85864919853
44874642853
11899913815
45103925834
14845744864
6356524804
11528222849
11192637860
98094815
4292999821
6259847815
24527505815
21846596815
3295168849
4279719853
4694643800
10226788849
21429430800
10878050825
22684336849
10053646800
17044502849
2119153868
10735259887
7456751820
24358797849
32711093891
50961454849
29382009868
6485600825
3504050853
16411731810
94039879872
7022140863
15227092826
14916483847
11806907887
14643467800
4656735892
7443163835
5971969820
7636212854
1157760791
41598563815
2583259849
24320960882
4707109853
11286709849
14701595896
8592060842
1899058834
5243319872
8068160825
76258785891
8922659815
7696922815
30249236834
12281816168
93995288804
39805689891
67009689849
9622888887
7201168800
18618871753
5855063887
10214151891
10718141849
2410648800
15236506808
11271019868
290750849
492213887
13189104808
14695166836
2224976887
20384114849
5681960820
16370781886
18539270820
9012729815
8393416876
39212122868
14837651801
19366345891
3935779887
37204041887
5044995800
6925251815
10203389891
11567643868
38529653815
4620739804
6914438820
39998690897
2367009872
6658695849
6894712891
11422432815
32074689853
5931967834
16530340840
837850860
51492202800
11531398804
6983855868
6407846820
3165175853
1901184820
49895915853
41564901815
44917244820
625183649
5620228800
7185731887
3706567849
13230980891
11790687853
20655274804
9115021815
9010491820
14732253881
14732253881
6314740800
2722232804
39302261891
4537335653
3229661834
10036350834
29547644815
5942454868
97993972
454771835
18944671834
27536163886
5230446820
19421435834
5725984834
40839249853
66741351787
15281214810
11498073859
61227919891
47335980178
17022983887
8258589849
26924811868
6958842804
5669243820
48046612804
55977502834
4765800806
3830717806
8720860897
13537371870
51693704820
4767705800
3612090887
3662904870
25110565856
12096628849
5745411872
11462530877
22254595849
9611282834
22322698849
16783875849
445924853
13656633886
8542066804
6340105815
11451408820
50768573815
461199815
42471923887
52178323804
48269166804
7516746134
4274741834
3505545872
1130441865
45483523849
57967920830
5599474887
29347858820
9978232834
50888811853
3002543853
60839171820
5972507820
76280055868
26968541815
20664648800
691804826
21005915849
9082174804
1120220572
6179207887
8405549820
7829698872
4504232804
4898119816
25036836812
6608574800
8532796834
8349142804
10113169868
20120532891
4767314887
19470487834
10982647891
14245850825
6313264800
19484348815
7552351853
7191855800
6124542820
11121653804
12233161815
14873662800
56460546800
4784855815
13601572800
2366851804
10667474820
5974950844
10752781804
3187217834
21521867887
7775245891
20222769815
19749031849
2788357834
6788491887
2256614891
4377214853
4676777868
12502707820
1179578791
5346320849
2244071804
6353445806
88131653820
8180458849
22331578850
19081537849
5118590825
17072385886
4461860825
33047421820
36014630830
2257513800
5898293868
8994862820
6728022872
7012861800
11177527804
42259037887
22534636804
383635187
9708162868
63442019834
34491902887
8057117834
6709389804
6473210849
2036924891
76997243800
14814430892
14696366898
14237467830
45806535800
9711562804
10714839868
36632554849
1985809834
1223297837
16478111806
5017629815
89505166834
1089052847
5744288872
391085891
4578066800
23302887
76066118820
8150508872
428647804
51698439849
46267956849
350222800
76739015872
1193171768
7024835834
27722910815
6224326800
64041700
20846908891
5887160810
7192975834
5976855849
7748949891
10243496834
46371621815
43147070891
38462800897
3397491800
4697413849
16660908838
370673891
10747788804
85804266853
2411989849
2008580849
45111510834
3918173887
44923554800
57130043849
11338715852
52823369872
7617794851
6297382891
8005672853
12474754849
12401137815
8216959834
24623938891
9806946804
7578814834
48074195872
6370462853
44811705815
33652392868
9115900800
2222299853
14385106835
2568411872
13804368859
13432229828
13197823885
76073599820
8905193820
93984650868
6759424891
10053476891
3239004887
4485017834
4479319700
24663576826
2592657800
9001868878
17080034876
29205514853
8263280834
2689170868
94235015834
7294980853
154658880
17623700855
67701027815
4833556820
12942940832
15387613867
3529037834
60992050804
13467558844
99072670825
45784957872
90117298891
44614055834
50500473820
61335584820
4418212868
1187462861
14651214800
4986598872
51789566800
6420486815
1031694668
5963982804
23221364849
48013846849
44592949820
60830956891
1017640815
350214891
46693246834
12820199887
4375513853
9785574849
20674066804
33402469804
517232804
27594939891
5371120815
45638438815
27555208849
46961763804
9639837849
30757630804
11578772818
7968370825
7527039868
14624646886
7969660878
9528598820
64139638834
60969482868
5245010844
4616642834
8341217864
57225389815
3173860853
60913088820
2576414834
14713203831
4303578851
3372529804
10502815868
4912969834
408395834
9342176887
30684110253
1123274860
18496822834
27364003800
49967061804
6111734849
6404073820
5159628800
3074609834
28750721887
23129824804
53761855834
5823269820
11503785815
27615499887
85245801
6619916872
48255777849
56946562887
5773938804
3798178887
4550340878
8859683874
25532430810
5115434849
8588327805
7639970806
1963635868
3197797850
91086124804
8337399805
1129581845
83923152868
6544428868
45286507891
3467023800
23994134820
19380895887
50957899815
60763280887
39587762800
8205710830
4613732891
6719252887
5952166849
24136662815
12819255868
390003891
1921304804
70031940820
50073940844
99820528887
5473519849
14863893841
14253774830
4615905815
12428426834
3002551872
33201153834
18517170806
512400849
3559203872
19392648804
12605638804
9634711804
502812834
29729106800
10506764834
2563592704
1093266872
44862989853
1063090806
11338652834
11006226834
3187780849
37362100868
13058277830
4256782885
8036624834
5733820853
5735556800
5149681849
10727779834
21136734872
2906180882
12051438820
4750985872
17427688813
5590899885
10440399815
4719590810
3961281815
1024922804
9501398820
14297169835
14927000885
6349110820
36712019834
4885880815
41806352834
39945219804
28039653800
5835445849
34619240834
11674229887
21689644834
10747729891
9372946834
34538941891
77095405891
6175295820
17003253887
20911793887
91146887
19375093891
94692610891
9835598800
6300065804
20607490853
6678017820
1002236800
30908612834
5068142891
311146872
5962455800
3185460863
7691092849
10737189800
61071897853
49240161872
42278830830
9090797815
29347513849
66471206887
28904761891
3439763820
37611437887
6937489820
27159620887
19382774815
6176518849
36737020844
11441356800
9994637800
6590420882
9217835900
29240646868
38566273834
12143758804
23901829849
345229800
4939069753
42038383804
9731474820
4864794804
17029457820
61073920844
11828978868
46831924891
30279267800
45120692834
11160462887
7086865834
11009934872
11173130853
9775218853
8992347804
6654100859
4350197834
8097852853
8892466887
2614049891
1670506800
58575553887
18806589849
1151436887
4697081820
3182061887
380474891
4625730872
2330202849
83696873853
247731820
8205398801
19154798868
16695842833
6152910820
7109997804
2108992804
11899280863
6085539800
6720439804
47699213815
53757114868
2419190882
5826470887
10402101804
38751046849
11819661830
7912170863
53295102872
4599551872
56202350849
645419672
6334660853
25581287872
20542933853
12140066804
17021768869
37802267820
25063499872
10609300806
37191497815
14284055852
20880391804
95699872
12609304838
9360210803
6990428872
10056459815
10050876872
7909276834
23428473868
23052953834
11590033868
7577362620
39436462891
66753961887
23461942804
59152893804
5920892820
8636001749
5045789872
3066100863
52590178891
18836500897
11161442804
32373198800
26882418853
5837413804
22719423815
22797971868
7829647887
4671654830
9053662804
2855224853
45367000800
61607614804
56557795872
16689102840
1561120430
89476220872
8893284804
9764178804
10030670853
2042703834
33390754849
53235355804
9194290849
69498938849
57009953872
3809234834
4621131834
22499881887
14662454840
51700735853
5217709804
85979244891
3289044815
9001913849
4469445800
8592497868
18916120853
5622514800
4937775804
77932102987
7103840849
10749071834
2227533820
2993058720
19152582868
39367584849
15386704885
10399908862
2241552887
11216069891
12873284820
18775403820
17123639804
10104533862
10450360806
9155961800
5179505887
9638660872
11655006800
5202576854
27437655853
13555580850
5812339805
32355890820
42533899704
1898000891
48408484834
4563204820
18363911887
27161617804
10432647872
12818089891
66690749800
1913735834
22391258887
1978144849
25603752815
403610800
20870558820
2173425820
95629483820
353817872
6447732868
27960250804
5961599868
1938410882
71863338853
49029800887
5484120810
44634684853
38269880868
8900930834
26625237868
4245646888
44827938849
14858832880
6279244849
8107505891
4763777815
33629374891
4992431887
11532360878
4021231820
87266210887
30038022834
2036916872
3951766891
3017800806
8193274849
6647715800
9002189834
14662982863
57649405834
7195460878
3784460887
8128340891
47050594849
3931498891
25590146887
14430137811
58521887
78987270882
36042323849
4883845834
7710755887
5908094820
2489309820
5729068891
10239634853
5457467872
69847894868
5926068800
4186320810
32685220844
47255277853
12014125872
13325779972
2586223853
1898817804
3775702814
6574217822
7865279868
32694326820
7956207800
4386396853
24008591753
502278820
30499607872
2136864815
321958853
1924214849
6117333820
9157956804
27064123800
6681590810
16169450878
9596135872
518026868
3299970844
9162747800
3028593815
61591815800
11179694872
4821076853
5382750815
6083242800
9502871804
55393870825
1474326854
6469299849
3757536800
6056237834
14661786807
7212275891
6516408815
44418973834
30939810859
13811657887
10408843853
5138760815
20554826887
15512150804
89266374849
8701148834
11870630882
12319554815
2009048849
9475516891
6482252834
94208581891
346055849
5095816849
39287637849
5850428887
4030664849
69844038804
12406430804
38511363815
37924761853
21889031887
4996542853
5759102834
16621368895
30302145834
47133368820
29015545804
9171444815
10508392853
22978941804
2724863887
58406670800
3495922849
8684057872
6584708845
9280294849
14779264880
2275970878
293750882
11805579800
4401484800
14661049888
3035794804
19097611849
89405455834
49828606887
4787803891
3181839868
24651341837
50851152872
15258288862
52735249891
17009033811
53298659800
2285873875
8575002872
14867876810
5026059872
3991520834
522589804
12936526876
3214176820
9285885802
4755669804
15523100862
6338070872
3090221853
27371697804
3946240844
14751578863
5067294868
7466251897
626205840
9801642815
12329800800
3004775891
20245262849
6298931872
9340580834
23437588834
66421250882
3993094891
30316286834
18540945800
16623085823
3299228820
5741696872
4925696815
354341804
2420228804
80799159891
75782871849
76990435887
7077831868
10051317834
12231347849
11758384891
8286353820
26762498868
48535150897
15548341804
30410878804
22686398868
2864282887
429813872
4940660834
45401853815
10508333849
12869171820
79883621868
1089552815
15729174829
36299294787
6106315868
5240980853
10794573800
10284494887
68148437815
36871869891
68612761891
12710942828
14855241806
30218330804
51856280810
1760610968
4594851800
22100156853
1218449861
5044942871
3439062872
48949914891
357456815
3777324868
12499757868
6243398820
5691168800
11553670817
20924844868
7218850804
17008671806
14299472845
14890479805
14813166806
157296806
7757769809
41267109815
6341350821
19298471815
5455873873
3261000830
18960260878
2311454897
2161195883
697982815
42267480859
3950220887
41699394849
5234592898
9217274887
29332290806
89539630878
29801796804
7029845820
6468837804
14645700863
5991285853
44369093872
2052733868
8127930806
34671242834
65296206800
4447280825
18396623872
499803191
5651166815
6734430863
9851615820
5512581872
6659861815
48950130734
65411463815
13510019814
14868136828
10564756849
2514141834
60840722834
18957510800
45999953804
43006345800
4765699820
8282455849
4567846834
6927556834
2022389891
9783610830
658740806
5227399891
15237131867
57481466815
2664941887
61963631820
11138181820
51993724834
8947996815
27121364891
6699670840
6369317810
92179720882
28977777887
19128983815
23343680834
57230412820
89250540868
3017931820
13542361810
3063673862
2258942896
23258462887
5793050825
3725308853
11387831887
25660381804
33369356872
19698283820
1100768858
2846845891
252557700
81195036868
19149050834
53532872820
1909371815
44864051887
6991920800
51577488849
20878710868
11429810882
9018875872
6989497815
56439920863
21629277800
12919020820
32417322820
5327326853
559393849
41652681868
8644578804
5489938820
27708721849
8258295853
49805916804
8644594834
1915843200
8630410868
11127988891
33125350859
6268455800
5378397804
9074376800
28776410820
42958652815
40519201868
6542972820
5016959820
9744649887
2364298849
11178795853
4629590820
5631696800
57322074815
9561676834
19338201872
44468571853
7043155800
7623887815
12844748872
9174427849
5024927834
53068157820
4494121800
11576260844
41373782820
5545528849
80506178820
11807903834
838870759
2996480872
39348920863
1909240800
9061428815
540510882
28805984868
28254490830
43428797868
5236010853
47912502815
3705838849
29096650891
7596162800
4097394800
38095114804
33316430849
45746729868
9991212868
8538476815
4590767872
50396390820
7120737872
40466469853
23232811868
18766129834
6863043815
2000962815
30853605815
5307910800
45593612820
30975166891
57205809800
7460970859
4841719849
7595808804
18441440891
649511891
39343499868
44469853887
56447418853
5231930849
5379660800
2118041853
4585550887
8493685887
8507171834
27626172868
18980562853
52597881849
272833991
19389736820
8573492872
41090381891
8305714853
17044880878
49497928815
2349213820
29006171891
44840586853
24351067853
8554579887
6272568800
61345725868
2934450600
10985409800
26851881853
61630195804
25501682834
87210347887
61190098849
23129263853
11887265872
10905200853
26422948891
11592940897
6369081868
9438556834
43235450882
576662887
3985296804
61642770868
40326276815
41644468891
23888539820
38473577868
20902999834
10840877820
48973408887
19764251820
2875241834
8433011804
5175399853
5876133868
5043298804
1762907887
6909884868
6302718872
4957571872
29677750887
7439610806
5817382849
7032404804
19454287834
575550872
427624649
9327650840
11882816820
5233470810
9606815820
5106559804
524298815
35175672800
9116842804
3721400844
350206872
51337410810
22917390859
663344891
5934427849
604118805
59832177804
9143653804
11714409872
21424853834
6580858834
1946358800
30513391800
3985261849
8169357853
28133633834
23038209872
7751478853
4789296849
44939132820
39088901872
5294304872
4497902820
21583145834
70131198815
58773282804
25511700878
4236270820
3981169891
6088058820
19217579815
6957668800
5693373800
4650735815
4433815853
46911332834
8061394804
5459982804
22681159849
6701574815
40031187820
2988704872
26384922800
2471221815
11335041834
18603149615
61705837891
20262230844
49695100830
61680214853
2617536815
11239565887
52639592815
1913123804
5141680800
40485811804
5812100853
8200734820
6778194804
46223460872
60886307872
33210365849
11893842800
35943530878
47165359834
7689241891
9120025815
39567214891
23042753891
9342346804
2843358868
7563108815
3272311815
31059309815
39033074834
53573528872
38569850859
60902582887
34657436872
7037929891
9351531872
22236171820
7807627891
5967961887
4380665887
6373640825
51685400825
4957504849
3087506834
3396720806
3950590897
4772326804
8745064849
8454671820
9419780600
3372340868
25352474887
12819131891
36723053834
75571366834
39288560815
2520672820
57553564834
39222101804
30989108872
28339568868
48125563849
30340160853
41888626887
39438163891
29408040872
7188978891
90102355800
42015057820
9953396868
38905060897
38230194815
66974887868
10830340815
28894766853
10921370415
30959608834
38595753849
26712490804
5462940815
6570070800
739448820
5755409820
4422589849
26718570800
8495688891
48611832868
5526280853
4279379815
6179509891
2693054834
61780642849
465933815
4768256872
10100857868
12052540806
547166834
52547574853
5556090815
41327462834
27703002887
27958663820
2932377868
11704608872
10723811849
52367975868
11381949800
46072691820
38535569812
13674239884
2603047868
5359520825
13475168839
14226069889
47139889872
3426424800
4330102820
6765130853
6925138849
30082986800
63896923820
393576868
42877687872
9889302853
5761689804
26768305891
39548708868
5290600868
38724243868
11836997868
18947719820
17029287800
4138635815
6687784820
2130408834
1126148849
6198406849
1375113887
22144463891
40871231891
25646478804
10020314868
9133500878
11664436804
46113592804
4913590804
9220330806
6062512868
8102023872
5934982834
7944357853
9773606872
27605973853
7678665849
56022158834
9343407815
10387420800
40373401868
8895350863
6741703853
8224420868
7710488820
363553800
720038804
47250313800
2940669856
6724485800
6315186815
8192553868
46651802
37971964820
7652518849
3780376849
4865642820
3727564849
10955356849
3357414872
1065009887
8248354849
19476426853
47254491800
39122883800
18959334804
2313952800
28708750882
6971890825
6575820859
3905691868
19451814868
8882223868
20916612872
32088736891
5518326815
56248407800
56977522887
8665257853
11061952800
20556411820
10154060844
18802042829
27323536804
6289606891
3890031820
5860911815
3090353849
24752070863
84012528815
11714182800
10181350815
26724308887
2119633800
1919520872
8168865804
18829619868
49241443804
4412338800
1920952853
6206786820
10244395853
8159386834
32054149853
431893853
8340293834
27513408815
3964507849
5471443853
34666389849
36032514820
30157846849
1590529804
33273669853
51731614853
11687797820
12009024834
23317051868
4723040897
18876447849
10173358853
61528544820
33270201834
10434739804
22552618804
9822879849
41020065834
9363122891
11322128804
25768360891
61063770815
52800440830
42807816800
25562681820
12307696849
41122151853
39524647834
12819077820
45885435804
10733388868
2963558872
30955866804
5932033800
11453737804
11497866804
32060432804
6468993849
9594884800
1141074672
5120292887
51679477820
8713650653
3615715349
4873793815
474070859
48449490804
3867900868
1244175820
10972536868
22380256853
1841882887
2264498820
2586398815
40535126891
8874220804
4939263800
3964086800
6541186804
27544630897
27190676872
11436727804
19426976868
6476694804
14943964834
8747512849
30858925834
23244208720
3760723853
6232566815
44890931872
8207704853
38282348872
4000609815
8601275834
6086292868
574449868
3346404820
19477880868
7557132815
6370292834
1256556653
25668978834
4883926834
17343879804
9991751815
2687500844
64439461891
11558598804
6306608834
11075830800
64312330859
5906903887
4379691853
45000263804
23125438853
61055220887
30490855849
12509353853
8242909849
40686140834
5976510868
4671045818
19445717872
9335226815
29333164804
6997473849
4506014391
14862511880
44709889872
9951398812
17148937825
15716343805
12497428891
557331820
32843771820
19406789868
26600579820
99533235853
29576156734
8214960851
33200211849
168422867
23187301800
6560733815
673390853
39089398872
14408360864
13150398851
11692955845
11768509891
6340440878
10390006815
52095002849
6735347820
60786701820
7012802804
13503785850
15225165818
15401764871
13670650890
1014822807
5325379801
13630981879
25369881804
14845190869
6954782815
577227815
61110590849
6770207834
10630066191
631531815
57337632800
10000410853
80144853
10272410853
6644805868
63778904868
8250588800
1428500804
8046212849
2070413853
4791398815
21780218834
59350741849
6273769834
77161459834
11877197815
5081440868
16320782870
21899711872
7905670830
60672439891
20275048853
1228773815
2480034887
7570871839
80225853
1880659891
21297053834
7032536891
10425535800
6967701800
15115017822
6068014800
2122995815
712060863
8315264834
6683851891
38084287249
20175698872
27710106820
3267121868
5077990891
548995834
2702711804
7825188853
3018482891
4515960806
428740847
6634095868
6119662804
43194206834
7579799804
32063229872
42129265804
33418870830
6145000872
4442091820
5102510800
38053926800
3874427749
27510948800
7632413855
51836130872
14229956827
667374604
706302834
9037012868
7366226831
8978190987
19301421887
8634625885
14618557800
8340544853
30808456849
19766670897
58710582800
6474110830
2220768872
6750907849
25767429804
8379050878
7525303800
9153993853
5833710863
9814060844
14229208871
15224016878
13601700816
5293910825
156943808
4807231847
2241021849
22161660810
14692892889
14662673801
10402087895
658469827
1023080800
7836953815
2497522804
63584751853
10392920891
2885611804
637688872
8094195800
11547618868
8959285820
86063782834
11786466880
25035096815
24551244872
61855189887
83017410820
29705061815
15121722869
13487297833
19480733820
6292305872
8766894891
545740800
8171076815
13636372823
2134527820
40234991887
22217355872
3102879870
3355896853
11126504823
7686463834
13624771841
25017094890
14851574800
46448519815
13363054874
2727200897
1134657854
506770800
13459436875
118576844
49475380825
11681047853
10019260806
81413947891
556840844
12051047804
27079880815
3298973815
23424869872
22135588849
11267895853
6333311804
49828061872
81758987804
20873182804
13645486828
6949444834
42819628834
64232425853
105645869
61498157815
22734988887
49380168853
1058622820
4324269815
4161025815
6041495816
59329173853
14806571822
84564938800
69307199868
13505927813
12827499860
41788540891
20913605891
13474472887
9536124815
14290940870
14079744838
4994167834
4950208853
5298904882
2867893887
10603727891
13149024820
42631688872
526916834
3516733772
5057507834
89265815
3909239820
12489573853
60912995815
6734154815
52318540853
5673682891
3967867820
13550446853
29780136800
2859432868
589764853
2539071872
8455767804
8862079834
91214483887
4835654820
5377544820
9154884853
8344566800
52671283849
3007944872
5745705868
60655100849
37251090872
28575725815
5521319891
8772614820
33101965853
21231184868
9536329891
6737030882
2810492891
21786747804
25869116872
8735131853
4953894804
57067570891
5837294872
60932694853
18570160844
19440901853
4860608887
8019983872
57081948804
4004965853
52528812868
60952512815
7183798887
6505120815
58651160887
6655017815
603015891
4475160863
4769597800
11715375815
6674518891
8126062800
4317360810
30924987804
63961741891
24554413853
83912690863
11699450820
67954502872
6961061834
6271812872
6403573853
50031473849
5358035834
3787133887
6660088849
41618270834
52079376853
13555928872
27055620872
577910825
9459600859
21915482887
11360593853
17302927804
4388747815
3935116853
10991140800
54035155853
57669546891
14406914870
25545949887
7199520859
16286378898
3553751843
88365352834
19944250830
57308551849
2318018820
26225107800
2892910897
2873664800
3116285837
328081191
9171290834
2037521804
2063581800
6441793849
627089887
6127860806
5858330878
57186782868
11778059872
36476188887
13581600820
18860770882
13156373834
64608565834
7608756853
11786400863
32202091815
25063332820
3781470806
62173049887
56604211800
22869514891
30272408891
9640274968
61773948849
49367110804
8859205891
21220638820
6409016891
38915138872
43374247849
44702531891
2119064849
64584160830
1267752904
6208290872
5017530878
57240523853
6579264853
33347735820
49800388834
61692328891
10316140872
23329653868
4953533887
33126887872
11258624834
5818818853
11479817872
8019991891
2719002887
4582179800
8047731815
31017150834
4849671853
5865069853
10420800891
10752331868
43293301800
13147196887
11218363800
8493480800
13281458831
467120897
8055998868
47702770830
52021653820
14050797895
11815597828
1072538873
12983649814
44883650863
65408594815
12497223815
6934323815
32664648853
10124853820
6390692820
4595653891
2680181891
3356680897
257010106
20259751804
6369898872
37275739887
3795586887
630128804
11597143804
10084968800
5064520859
93423144815
652955878
14704715825
61022578804
3693171815
10732037867
6827194809
4300236852
76612376872
6330649804
16342606862
14203188881
7642035845
4636236815
4395182887
13255717841
68589735834
99567598800
15800760845
80524168849
5132974805
43261922834
93525303815
1023638894
6182518804
16576689837
13634570806
15720818804
11199688878
9102110865
6340695868
91782511849
24600237820
12911000838
41814150820
18364012800
14813847838
8787016800
15173069813
5126540858
69887047953
19764855849
16485817816
14396518846
18516343804
81086083849
15221087855
67003915804
5751942868
4825284868
86002872868
9986742811
14906649807
16324389847
9429103890
14840368830
10743057872
31787605809
6351823862
8706840868
10388102802
48136832820
14882034824
17245296847
38772876891
89848020853
49143115853
1285591879
6601820849
24486167872
14736937807
14527414844
4162637806
8281301830
98860755891
33783942934
38439778872
51935066820
20271255820
29208880800
3739620889
14851298854
9065368809
5354147816
4676447809
25601822891
15747408810
8655757896
36040185872
15140596814
3319855867
14249149811
52727181868
23704403849
15800191883
1129863824
27954293815
22672920842
37605852800
6836004863
49704931891
3791688200
5717183887
47207850859
11263136885
4688411804
67020534872
4137910847
19487759808
19923627853
51671689887
56102151887
81069570800
5372003804
81277733872
15093844802
15398259814
16417951820
10624009840
2181967849
9487391851
4810767868
65057350897
16297308829
4619595853
10720660840
27249000810
17423748838
60971827834
9122614800
3571820819
29759919834
17449196824
6584313824
32667477804
14737103837
22244700887
4694040863
34423559749
5528186820
15714841832
2462800859
20127219820
4175522891
13464227880
49831194853
60576529834
13518769880
13764771810
15721548886
11760639877
10720379806
4914163691
3936406804
87649780872
63967111849
7032722849
80723349800
12931253855
57483663804
10753869853
2883171815
15193173870
1469058812
8332099811
4289900887
37179713872
7411886866
68382987834
30205576826
16897723878
18416233853
14516980894
11601113838
12848382856
7199333820
19721900834
9151397404
15261462827
13553090855
61854050834
10520486846
11136308849
648065880
56443170806
1150357886
6625789887
8922037814
67948804820
2984296834
1182065830
15280553816
6680984815
16623391860
10697887839
6728294872
8836796800
1902849868
87514290800
5729505868
16583135850
99486911800
8524800836
5466830887
16369460893
75900750868
5745020172
16472252807
6318827820
4916077849
5725011887
17008346816
25544615896
14194527895
68495765853
67751431849
1957287853
837787807
68902794849
17068633811
5731313849
4711246800
14303370525
64908828849
13669977864
4575164887
14339216852
17018020824
8683980804
738149896
3985105804
14862575854
3997324891
16905438847
16602727850
52874435872
14244888420
1312861886
14233052805
42016592834
5268954890
12525484860
588024872
7187890834
95104712834
19521059869
8194157820
51767910649
24952834891
15298213120
84292504849
46185313804
5579252820
11836072880
13542056855
12271934834
4490460872
1126593818
11383945802
56312679853
10724306811
15239046824
5847532849
8490476845
37356003872
4276191815
18666809868
893586862
6297072868
1624646816
15237409814
95252150834
4937317849
14425252829
48525189804
15129410858
19367198868
84045043853
6747205804
313408815
61754617891
8489424853
3385043891
3725510849
2714221815
4139569891
7569750853
45383383891
20591209853
8859973872
61473111820
3785467834
690210825
40299147800
4868536834
2235692834
5001439868
2349647820
30183987853
49695797849
6649351849
7009879834
656275804
37632752820
3558703804
636630820
30355591804
13490044800
69973920
6101690849
10028250834
18847595800
33313326820
29360307815
6718345849
47639393868
9963863868
51703858891
4924711853
44608993887
4279735891
13610808845
5006645873
1929712804
29829852849
19123728868
3944743849
8344799821
47786256849
2244446891
26969636810
85695211891
8195394817
20124929400
49693840887
16412292845
14377102800
80821219804
2368188800
14813625851
27116093834
53098188804
14278511825
70430632800
45112835834
14806625850
64613135834
16325614844
5412358853
4462939891
14857785811
95079092815
15400196837
90422341800
75740451868
11143061853
613890809
2632772834
45087334849
7506066815
12905640600
6119727868
6595251868
76346277804
60914866834
3890503853
18833462820
5281075853
4339550825
2047128820
10390189804
76877132815
43166970800
739219804
17106449822
3068625815
7977131820
2537958853
25082027891
4260856715
12454800810
7073992891
4152670800
81247168891
6316506872
2578000859
58601031820
6722890830
13569678849
83876456800
6624707887
33905940868
24553921804
87494213872
11643021834
7213840800
32633289800
93268440800
14641865884
10683021869
16300651886
23684631868
4756665853
794356885
50046616853
39326152804
21015406815
61027510868
30264391853
14245382899
8778531853
6129676891
6697283815
3830195834
6403867849
4545400868
3361586887
51687305820
33041164868
30765331853
61052469868
39443620804
31059929872
16251083891
381004872
90044835868
3699056872
37264869849
8374058820
22234730830
20702841820
3030563804
88279944834
41949331849
3593355868
2726068804
11694564800
52491366800
14402849896
8001715868
17279623891
459832832
1257726889
14654012885
603057896
8528284891
4977874820
16471851812
4805453834
2434717853
3949067809
4816846891
7216653815
10642188815
4715543834
6361439887
48570222815
4475534887
610070800
20016590830
4577531887
9968032891
42955424820
5900867820
32278870882
7056753868
9745270849
6375766834
6559611868
1022393804
4786491853
13112708849
6509073889
20063709872
53679725868
6956165791
2317397887
626031834
3064905872
2868873804
7998228849
681440830
4601890772
39246728815
13557345840
22469770882
2512785815
6714650825
17532747883
13541535881
12435171820
692751815
28458877872
14740395886
76992608800
10032936893
8111782853
30323398804
3892980853
697869849
28970241868
25073842804
20015844820
44952368815
5555060882
15319613806
1894021800
11888431849
13155172800
12027448853
1010351877
3319564897
28863879834
14864686831
49127721868
11598395815
2883228868
38477807868
17633472812
21930740891
93570910849
84749881872
18398731834
4624158806
11621443868
51655195891
32350457834
80817238891
9460586872
11514493853
11442573872
39270360806
7849257804
4748263849
6597971868
7799918853
7987269891
3182762834
3260224815
3446018891
91097193853
3759733891
43119085804
42834848815
72484012853
22232940810
3825353834
1965042872
8311714800
3012069887
2598701887
1354140915
11382414820
31072011891
28484860825
6415288849
50185098800
6376851800
76182070897
10019120800
61094579815
2369036834
33284636820
8181390806
6937225849
4982908834
20131135872
47166061804
41922867853
18367330897
47518855887
15258064832
23405546834
52016439815
46155422834
26746662853
23129140859
6415024868
7097284846
15118830818
6989667834
6329080844
5603285834
14678779809
11596430834
16374305825
90436857804
13628486890
4279581800
8748144800
12978916869
60821345834
14748651865
1663126739
3460932872
2893762891
53099699853
3923975872
13922408834
15122649898
7710739849
50267442815
21965331815
52459527853
26619342868
68716796853
2027496815
4763556800
75647478891
5949912853
38631202800
2687925853
649341872
8810036891
5977606834
7722974872
8004250815
8738876892
4756657834
10207759804
16542994807
12402702834
6356702834
60952350815
12508080810
13536719848
22080414887
8821194868
4587766887
24350834834
5326699834
7862458834
6225055800
4966805872
4959540800
6307493887
57586381887
5084849872
5617120859
17660197819
20974370878
7990138891
4459849887
32643470834
833239708
8001537820
32181965820
5094763849
8569568800
2177838800
17189527591
2508311804
4569679820
4802691815
2775646891
5091136800
1927450853
6561292804
204299918
43192203820
6368050853
10117423815
12304751849
506753891
3089622815
2907305891
2531305815
5772788868
19144270844
21432279815
3393232800
14187121838
52927814872
9304576849
75950006887
68678193891
50032879849
22462376887
4147065872
28928407834
6646034834
2890925820
52198359804
5751357868
8533636849
19344775834
61049654820
85379794815
18539920891
14293091807
30786827815
66786428800
58455310804
6622852804
6361889815
46627308800
17303001891
46682180810
5138230859
9772855887
9180389872
4803558868
11212322800
84014520820
5300541834
52115488849
27442497853
30634764802
64682226800
49579835853
3259455868
15410685806
17854920710
40646416804
48972347868
56952066853
17090385868
29689503804
9693084853
52344304800
590983849
671855840
50579711820
18647367804
13623701858
23658223804
6089054887
3368980882
29726018820
1628984872
6152058872
4925033891
3864987849
6966748820
25060120872
60997524804
40682382868
7268130872
9664289868
9119507887
6908691853
4926137887
9006915815
28878434868
8883610849
11028823800
10754598853
2728516804
17281644868
38046946834
631221115
739731815
831387815
51936852853
1562282891
11419342800
37242725887
9101233815
757675891
26456117887
6676642891
4996836849
4720512887
3371824853
22839801868
8322953887
93943261891
79081800
13592084887
3170845853
12107298815
2058499891
19676484849
2655195868
12405507820
17037492868
19310510897
37322680804
44301650849
8827150897
11514124815
5936292800
19676905887
33205680863
33393990853
6811205849
6993311887
43433774820
6577180849
6175856872
22632158834
23054697800
849766834
11179686853
5858780806
9253254815
10353771872
6713122868
7022484872
10857036815
64449807804
6601766887
4720644872
8357544800
33313270859
47273992887
8793158815
22295496853
64769135815
37338994820
30334713820
5414458804
4284976834
4615958854
5530423868
2879123887
60859555887
9501860825
11252936834
9738827868
38374854804
6650503800
5361990868
2555263853
4349202820
37693638849
40488624800
78174880887
9600833834
810070863
7021224834
2224534868
6929400815
63557096815
10600213820
30506760863
4446569872
53122100800
3770036891
53804619800
9593446834
7079222834
5242274891
7784236891
53085159800
26179148872
4160320872
6455590830
27641872891
5717736800
38899493804
2502267820
3916642804
63514494800
5099684815
4291905815
72853425800
8980080859
1198890649
7644183868
10260293849
61514179849
4946596887
4275900863
2615762834
6923313872
4802349815
10135022800
11758465891
3401405853
47167092800
5684226868
52283232872
59708670804
3352439834
14994038872
23431903800
10572937849
7041381820
36645133804
28007379800
11060484820
2865955834
15547094820
23994827868
37159739868
8196125887
2392666253
11196289891
25528890853
53753801887
46331581804
5937671872
28890922834
42824052872
9457518853
91228859868
28575750844
9085807891
812200810
50887823815
42614210897
340812834
9022287815
4976266834
3394042800
654736804
3361845815
422223620
10432531815
36639907887
27701166815
4135806872
5992222804
62201620806
56329423849
4423844753
6523854868
21740739868
1029746753
7367104853
91290694834
2226499849
4167783800
9036105820
5911656868
8702870878
2492342891
4547799849
16751260890
19743610804
4881281887
12698597810
6375650887
4836910897
26933098834
38213940806
6311580810
61211451887
27676501849
52616517868
21893691853
32619081815
8688338868
30875498868
18667821853
18834647815
4936973815
45619182800
64604420882
814881815
60962607800
38395983891
20124805868
8939497872
10995552800
731722868
1537960571
1112325620
57779244849
839981872
8287511887
3014665800
30106184849
228958504
36726478887
6449611804
52824306815
9969662856
45358460810
7752981826
2940585830
81708777849
5499992800
4768248853
60917296834
20794681891
3623516864
30954142853
6084028853
10750657804
3468755872
5763541804
18772803800
53615646800
8121761891
7313527853
6760945891
6553320810
46390030800
1943421820
61292109815
2860554815
45444323834
7972598800
27182290804
1112287868
11611537800
6641792820
2041170891
10984224815
3076180800
39119491891
41845056868
24430951772
14636366875
8112339872
43459897872
28791957800
2505592853
717630820
782211887
8166846853
3003973800
5309786872
7833237868
41365631834
6947123887
3389642820
26721627868
2905310804
9801278820
2789701687
5875773804
29413265887
868299804
19151918820
4509404891
3098370815
20607482834
1944126872
2935880820
3079791800
798720859
10950702820
84471085891
7965320878
21107602815
4628926891
67408508872
6306314849
6151663853
12038164800
11592680887
8012849887
10196242991
3440885887
2774470897
2933675820
9911480887
2427974820
6120709800
5014840868
11135883734
6453643804
5145040806
33322767868
13560867800
6448968849
3073068872
4539125834
29332621853
3347737849
5860784872
3361993849
4075080820
5805902834
61165018853
11713763834
6736106834
5686482853
5903181872
6432425891
25372394820
8717257891
29019850849
61379646804
4619137804
13438180871
3360377834
8332404800
15101830860
42775930891
7905220800
60892765887
3213153249
14856427873
91432235834
12742537805
15247959841
16377840829
5615941804
30782434860
414332890
20259433853
1320163890
14288098807
7613672840
3953580272
13424618861
10743552881
11259742814
10018739806
45055149949
14407702800
4786432849
1995413887
3294012896
3813274853
1058395823
843571853
3076202804
2435322887
3511693853
5160286853
8139571849
4909640878
10821341804
11320354815
3439160882
2575752868
12427713872
7588887834
38735172800
7825676815
30743630882
19762569849
8762139800
9509445800
10862862868
45742219849
3956318820
29671400825
5252628815
845973800
827878834
9742476853
21827745800
15529320872
9611363834
18791000882
6441483815
7552378891
3986411887
19495137853
7530593803
22272410804
23056487820
11894459806
729108872
15405812846
14856365827
6986927800
2900190878
5595380810
39565173853
23864125804
5799007891
6169660830
16422662807
739936891
53385918804
3780880849
816370800
8567158834
3981886887
15275969821
14806756873
9948694872
5910293834
12156604800
7980884868
5106060834
4753674800
1102044849
6223303815
10406670820
24334081800
4537564849
2811367853
44718675804
60853247820
533203791
2379139849
546127800
11582270864
14264054800
90342968815
91982421800
22851704834
26467410815
7040067820
8661707820
2187507815
32060939887
53105168834
2129914853
27463168891
34479031804
12318388849
3277619893
4282215801
52181472815
2862050849
24429813868
7634560804
8092559872
5493072815
18903550897
66479525868
64948714887
38575884891
90478835
9883363834
5516960878
5819016815
5870372887
26173204800
19129394872
7568363872
26080842815
4708059868
6371418815
7953135868
3188140800
21709165804
36731684872
25368184891
23674199815
5550513820
27347850800
61096253887
6597939891
46212663815
23956941853
7576269804
6446485891
8458235820
8196117868
32711255891
2814552872
2664054872
5486807872
14848626862
754820882
37233092834
824704800
2123541834
3944867815
50557122872
824852834
3008657834
4740084872
39688186872
10742808815
1695258800
4469399868
18960081868
3823539868
9532145834
4557883834
8714258820
23003570897
3554066834
3259021868
41799607887
6185410982
4669436872
7050437891
776564820
2066270849
41118324820
3351491891
18959091804
8109834
632902949
99769271853
89782682853
8060444891
36487295868
31899560815
5375622815
8525137804
19400870825
61937045820
5598974800
8660590830
2550857887
756652804
6697178868
2020831872
1043528687
13063362875
1245384015
53024192891
19111967820
56068603849
6400345868
761281800
45799989872
757365868
5941644868
5667320843
95078860878
48000442868
21782830804
4934628800
16662507830
2233177800
1968602887
28708938849
47995270887
5712211815
6639240815
21241872872
12442852853
11971967653
11541210891
2550296834
8952108868
30338395849
18306303857
8394653863
3275700839
4911580844
13280531802
14723206892
4940849872
9479073862
47936290834
87154412887
14726913859
15237463860
16148652803
10352931884
14755973805
7372940869
7011601872
7160399820
6727522804
15356598823
2776529872
44592647815
21117470849
7678657820
17623220802
13214190822
9990530866
9933670891
2952966826
81743858868
37819607815
17120147811
85556106800
9360000825
14804677828
15299950861
76905063800
30329027891
51655500872
2423006853
13686184800
3795373891
861464834
15735987801
4830083891
2874326887
1992180806
7894945820
348104804
46431543815
18899030863
7457880844
41586484834
4159055834
410586820
2513145887
4159012868
6265561804
6427090844
10103848800
4767071887
87292610820
13660168823
2852896753
6088619872
5557429891
51994895853
2500485820
5963524849
3962989820
6729533820
6795978834
2952310840
16998456891
9480030810
50253590825
8857709868
2881810853
80871496887
66947820804
13555111868
58039791804
6167055815
37286447815
6394248800
22208985800
35987529891
2404516868
63994976804
15365152808
91468310887
598813802
2241430854
28905012809
16581142808
16584005852
6775896891
61104361868
6375529891
794970800
9945709887
44338384891
3099415804
10229345891
6274714804
2854169875
30453593887
2868520804
4776607891
69970793853
32692013891
25890808834
4806247804
16583328810
13461763888
22413413804
644865830
6138047834
41845552849
15355996850
2358727849
61716863872
9510354872
13555920898
2841037800
336939949
7075804804
414492153
3714667849
6515703872
751928887
15463068895
4769805853
3239179687
38720337868
2016478853
6611125868
21432759868
2540703887
9175164868
2971151891
7181671804
47979011872
5873193800
3945537800
38833271820
3072819815
19466404849
12648728104
47164638853
27002977849
14320722850
21898650853
9787992834
5745357800
2423812868
3769807880
15168146813
14634936810
99800780815
6436749853
1882716868
5878802872
26456591872
37231596800
46865640853
30800609891
53044495849
30217806872
4400089800
7998716800
11422781828
19406630834
28050100863
45744327800
2507897015
82275459804
16468427827
645431885
1201224802
6996930804
19689489887
5684838804
35177713849
8906440804
8833761800
8246661868
19558112887
18904459834
14643540818
52659682887
7640919800
30344638804
717827887
91768993815
426574826
8400164849
67881190825
11574573802
52687295868
11110157835
14660998878
14566177882
4880604860
9761870863
4991054869
17327778888
68812825834
10219331804
24551570834
5856256891
4253450849
454855850
27618463891
11356707815
3593134853
94696934853
18763243849
3091627853
11478152834
5508819800
536830800
8425345804
15599002888
5457726800
2700930878
5576180887
9311075809
6053382809
34573550887
98736612804
15729975830
4574443804
42562856872
4822676820
4236076853
7709382800
12698539020
8573425849
33431027849
80251048853
56750390900
17529411870
758647891
4988426815
6356150882
16648873850
15416873884
45603650834
12031631853
6563066887
8208638820
7024681853
3497984868
66061970820
19302134849
6409186894
15162496820
4919181868
6960740878
6243126072
40637760859
6380425853
38518023815
1991728891
24931560806
6523013804
6447619891
9914340806
9874984872
11108045804
10412913887
6951937834
9028064834
5765919804
8556393853
7080298849
8898979800
7791070804
830186891
6180590834
11888229853
14753618820
15541304849
5392381804
8314411868
10021442800
2149664887
37998986891
7869533815
809217872
16197119820
54615453868
8541833887
3502392820
1884387853
21897883820
44267665834
6787533853
29361770810
3900240825
7084226834
20173636853
64238369815
5874165800
5329736820
6796354834
6684955887
42439035815
5078024891
27148173868
1093657804
3375307853
6635393820
41165292815
7645082887
3789110825
661864804
12814369849
52739724853
3823032887
3021904815
80569889804
98924354868
18931740859
4803981868
2940736804
10977872815
7994954847
6715593892
11842837885
21269351834
18877559853
3442411815
53996887
10109200810
8264686834
4777816834
7850727800
57931682815
2051290806
2427460800
3410765891
51722305800
22297553820
51718049820
10190694815
10988793849
752690825
94998205820
1357778872
15138643860
39828212820
15721383860
4640284853
25072366804
60970375891
5017793887
13536509878
29849934891
95404090804
13561189849
10580331822
90001508849
75572230804
6448569804
10740104853
5756723820
66721199815
4558537891
9691227720
655953868
6340709834
11461052823
3175715834
6997830897
4941870859
76389812868
6032345858
81355424887
16888070808
10518428834
38978512887
80609090887
2723514820
30043972853
37554247891
29717191891
25605560816
4402901804
2252023872
10354050834
88734633634
5740282853
