Column1
11664754849
36845540810
06260012853
08901716887
39778665834
06461875891
88300145834
08584052887
03080323815
19221924815
15120253806
03106578815
03078655849
20842821872
04976363872
20662173872
04395123872
00143332872
08946027800
15105317858
61519596804
08820597853
42928613820
08231788891
21642001872
19735618834
13799924868
23430567815
48037974804
27513661804
43343180882
12603366890
04143348845
01103534807
09014691815
28877276800
19692846849
27539369868
06984673887
19543271887
30454328834
06138381815
08592080878
05477259817
11751134849
02955415715
24606510820
18833926834
07218931804
08826226849
08533440863
04694180878
04151445820
19380771800
00134635868
05469538834
03614263800
05634008891
41926056868
02108550887
09116702891
11033681849
06165621872
08040249872
33439443868
02313510891
44639635834
10880356804
44408749834
38530090853
01884409849
05944988800
04171632820
69485798849
42653690810
29725232887
50183788834
48579424887
09085920868
04529472868
08465703868
11726857891
19512171872
11875844872
73895326887
00155129759
12682265804
05248604834
03939537853
19876998820
03031764820
11832431894
27125440800
02569779849
11609613872
22322795887
04517873820
27759490887
41057546887
41089316887
00068535104
52590380887
02806789834
11389966887
30327989815
06384854872
53364660859
01102931853
39585107872
20229313868
37516051853
17007828868
22423125887
04755480868
08432287849
07017529804
06502954804
03502643849
11478675853
00093459815
05099536891
69236275834
12069540863
04767004853
38941694868
11721677887
03807142800
20658370804
08827737804
08896240891
04490746849
07714009853
05377935853
03504662891
04790030849
11858818834
05054877800
28482433849
38086620859
44693516872
10312951868
03278050800
02236192800
12108200800
06453970830
04681983853
44911653868
23061596887
43106862815
06563198872
64107043800
02516454872
61729868800
48182338891
99418452804
08104492853
11178493920
06721575868
08870551849
05530598820
10849440815
02818712807
41553519868
04985010863
06472184887
14309856829
10815740891
00088935868
02109832800
06621120834
27960790825
04634659891
30322022800
03174571871
26467321804
01903241804
21671923804
30937450804
03689930863
16197364891
03354040815
00138843872
12507903872
03225378860
03460517891
04151186891
28305493849
06094864891
04925360825
94903735834
57632880844
09614176849
00211443891
58371753853
32206330806
35994150800
22999647891
45455872834
44947950897
09778772800
07195796868
06746276872
06270220815
13799584820
55059147800
27205240859
07346071808
05572444804
14336842841
01142461815
16568561827
27624277891
05940281834
06550614872
16410985894
11593753802
14246381861
02069342891
23788461691
08410184800
08757185824
09118489834
15316442873
06450873868
13634377801
52480917800
13598874820
15726946880
46155449872
45775885872
03609324872
04715314800
17304941880
00968579604
49756982853
06813810863
07209665820
28059328891
18904483891
00580503704
21673659853
01925326853
19370245804
87534010853
05298520804
05456215853
18738583887
21680388800
49001698891
05733600810
19395507853
02891972872
20618883800
39922901820
49205935891
00086231553
33263507834
43256716849
02751933815
07014724800
00260940887
07709749887
02633655815
07542550853
18921124853
00239283872
09868488834
33069638872
06699464868
00088269868
11138661872
05107563872
64125700800
05923948834
00360139191
05302803887
00185167853
04329279800
36456055849
23395524868
29538416872
20451482891
12820580882
56425929804
20224648853
17476794885
02278200887
16994629848
06358667815
15251088833
19479921804
32390092853
03608654887
01149497866
19083459853
10802215815
06964966820
42292883872
17533867807
06416527804
05612691815
06254276887
26166364849
61592188834
23657766804
06932266849
08605386800
06273718849
53683498820
38906910800
27671399868
61741361834
07826176891
10851569820
06620280820
33198233887
39936260872
61060003872
59163100800
48902985849
11122072872
00176761853
06247628820
04998308815
30275229815
27195058891
07223854804
06199836804
03345246872
04210409804
11137045868
03498590863
02768980609
14426263808
14323756879
32985487749
02271711878
00626046866
06343735879
14255194823
14811417836
10457348887
18458165872
19918780878
39706532820
42834953872
09536850800
10475192834
04261992868
41136772804
00917516087
19534116815
01273876768
69399875849
32080581872
07649355853
05729521804
08955979851
11502031884
38035065815
04281632891
84355654834
14786297895
05524194860
12846256802
09068548816
15303210855
12493210859
05096162834
06401139820
23427922804
06113559815
04462866800
38084244868
03005585891
24051942791
07195575853
02905132868
06962220863
07890516800
52733130820
01062506804
10727941879
04962133853
95023283887
26908956849
06738176872
26956780887
13620052824
85974668804
04660730891
14724598816
28982711791
33039291815
37640518849
60835206815
02958058891
06782639815
09151486849
06740529868
06463061891
04972589868
09700706834
16596773868
59135549734
14915442870
02273932871
14403134823
46829482887
11246956802
33296839887
14710982813
15240401853
00631757899
81398743887
28254341834
60908424868
60658983849
05890497804
32342446853
04654757872
06944922800
04846354849
10554939800
49216252804
03360288815
09034536815
28573307820
20886900859
00268712891
08296685868
06521134868
29351391868
00322830087
01074105834
06288243868
07191502800
09812687815
27350606834
05230500891
23010851804
06336973891
02290316849
03074846887
27106365815
06128750834
30930774868
06681492800
23392754820
94731756804
18952682815
19097697891
04682653849
17064139804
21997977834
02368633804
02234548853
15083527804
04986865820
23241764834
08186316868
02724987853
40282872868
05262631800
06715010897
06366864853
00303887834
02238730800
05229839872
23275766872
18834299868
55572375853
45529485804
05148774800
02459884834
14395886868
36590029849
00334731534
02863561804
02675684872
02218054868
06340261868
02776111800
06416152800
42692474872
31901328872
29531233853
08970092820
05808880882
48895806891
07577133868
05094127853
05750482804
03790320820
03363902891
10799214868
01899600868
10219285853
24159697887
05161070897
03812662817
23155442891
10388463821
04288696887
58442375872
11030283834
10485490897
08448442849
26474298804
35182806868
07957017800
07094965834
68141416804
43034411804
05368235887
28747186887
39837394820
56241089820
06974805853
61272825868
08001618820
06463347868
15504590825
49967037849
04785975849
03922634834
11195568800
61709425849
09819460891
49186434853
19097654815
33259011820
09935517853
00139319891
10260560804
02188066804
00018155804
67331505815
49864270834
56152728800
08124361800
04435761815
56610548820
07616546820
07856458887
26152800820
06969097820
04679954868
06270239834
50005308887
03935671849
59231920804
03422143815
06658415820
11683929853
03099652849
06266673800
11121432891
10420770887
03396100859
06596975800
00383317800
18941141834
38513099872
04732529534
14480689400
12899852868
12115410882
03375803834
05411262887
06335756820
11460776887
04906330800
09766693820
17000173815
61525804804
00737393831
12138452891
51896567800
07023995820
00121509834
02065630868
13452711820
07918550820
37671413887
12308897872
06255213820
68538561804
40473430800
30925924849
12851337815
17293286872
08127670804
10711104891
28879643800
09188274853
06593313815
16791665815
37881272872
03458792872
06120571868
05573840878
03186130859
20227736834
05137136891
53089111853
47974273887
26727021872
25786091872
00213195887
00268607834
00091162815
08712603872
08977461804
01045628891
00239771834
04744845800
05460506891
03035999872
06078389815
03902617853
06667279887
56550324815
12682274803
21432465872
05977193815
00077852834
61537764853
19740921868
02516870825
60023201800
10087001853
58706305849
10431900825
08139032891
28083440825
47303379800
12490270800
08701865820
62167936834
20681062800
46267670872
58032274804
04053966868
38196751834
10554653834
19233850897
01731130872
62384457853
41125185872
53753062804
17473512889
06403173839
05874777849
27605701853
11800488815
57847002868
07004761800
03035450897
49898094834
10975713868
33331081868
00285331868
52727297815
01960342800
23511974887
02526840872
00170011887
13553553898
14770465858
66632625800
06665810887
04765001849
04711238891
06112854872
06574050863
07776713872
18928579872
24572139830
87684977849
14292277885
08915563891
38270943800
58610103820
19935870804
57211183853
61026387868
38942623891
39294404820
12886777820
05832012887
44989040872
32146507853
04864093849
42841224872
09109552804
52204146820
32348045834
48200093891
28039254868
07922981872
47064536820
45748284804
06317502820
21741204887
10569928834
05528437849
05889774891
05744997849
26423626804
06623921834
05257794853
03989267868
09945024868
33281262872
02951231849
09848592849
33074089849
10454780834
43100791800
05181011853
02956314815
05565456800
00343579804
13555751840
00229113834
45158380830
09858415834
09927956800
07628269834
04631226820
59196009853
063.487.268-00
02611333815
30288711815
10384747876
02413183868
38032759891
60799013820
02012090800
01156950791
30182557804
19446063868
02524031853
03078760804
00180513834
90069188815
04816285849
05770769815
09601511849
02418843815
00442372868
00210021853
05835976020
17076471868
03464008800
08220530804
69459029868
08410569868
06510620804
00245607820
19302940853
07309147804
00055476872
03259927891
01895737834
03010872887
07058519820
00132217872
08805822868
04000420887
09140948820
18416403872
05689856800
33192472804
05590000815
04990757815
24027499700
33033781853
04834356868
44240597820
13823620800
25341006887
10433120800
02482380863
10694153834
03390608834
03053059720
05969638820
13777718815
07654510853
04737393800
09445340744
15721253819
13172171876
57027145804
15228845801
05160618872
16689497844
16099544836
06995683820
27615057868
08854874868
27170705834
02591030804
06540899815
15730380836
16900878890
06313337891
61126837849
16598228824
57659788868
02705451820
28137965815
04719387853
07973942815
67760180810
56844026820
10080139868
11179500857
29421156889
04437004868
50984888853
06261612404
24695655888
15702074882
05053994820
07237684809
13478272858
16642616804
15739070813
15267521825
19685050830
05852587834
26831198872
07737793887
63762587868
34566023834
01141589834
05142598849
04636520882
21469652820
01998293815
04642120815
42814790820
05330955815
22378022891
66033373804
03303420882
02502925800
00090522834
08025410897
06051375872
28060113887
01892886804
04773950820
06655432804
98869043800
87276380815
00315990449
27982391842
77541480800
02890933849
14679383860
33912998868
68406290820
06572596834
19145420882
23056657849
09083103820
08617155868
09109145834
27910563868
00027251500
04330315815
12855554810
14908040800
47687010868
66019257800
28992703899
85864919853
44874642853
11899913815
45103925834
14845744864
06356524804
11528222849
11192637860
00098094815
04292999821
06259847815
24527505815
21846596815
03295168849
04279719853
04694643800
10226788849
21429430800
10878050825
22684336849
10053646800
17044502849
02119153868
10735259887
07456751820
24358797849
32711093891
50961454849
29382009868
06485600825
03504050853
16411731810
94039879872
07022140863
15227092826
14916483847
11806907887
14643467800
04656735892
07443163835
05971969820
07636212854
01157760791
41598563815
02583259849
24320960882
04707109853
11286709849
14701595896
08592060842
01899058834
05243319872
08068160825
76258785891
08922659815
07696922815
30249236834
12281816168
93995288804
39805689891
67009689849
09622888887
07201168800
18618871753
05855063887
10214151891
10718141849
02410648800
15236506808
11271019868
00290750849
00492213887
13189104808
14695166836
02224976887
20384114849
05681960820
16370781886
18539270820
09012729815
08393416876
39212122868
14837651801
19366345891
03935779887
37204041887
05044995800
06925251815
10203389891
11567643868
38529653815
04620739804
06914438820
39998690897
02367009872
06658695849
06894712891
11422432815
32074689853
05931967834
16530340840
00837850860
51492202800
11531398804
06983855868
06407846820
03165175853
01901184820
49895915853
41564901815
44917244820
00625183649
05620228800
07185731887
03706567849
13230980891
11790687853
20655274804
09115021815
09010491820
14732253881
14732253881
06314740800
02722232804
39302261891
04537335653
03229661834
10036350834
29547644815
05942454868
00097993972
00454771835
18944671834
27536163886
05230446820
19421435834
05725984834
40839249853
66741351787
15281214810
11498073859
61227919891
47335980178
17022983887
08258589849
26924811868
06958842804
05669243820
48046612804
55977502834
04765800806
03830717806
08720860897
13537371870
51693704820
04767705800
03612090887
03662904870
25110565856
12096628849
05745411872
11462530877
22254595849
09611282834
22322698849
16783875849
00445924853
13656633886
08542066804
06340105815
11451408820
50768573815
00461199815
42471923887
52178323804
48269166804
07516746134
04274741834
03505545872
01130441865
45483523849
57967920830
05599474887
29347858820
09978232834
50888811853
03002543853
60839171820
05972507820
76280055868
26968541815
20664648800
00691804826
21005915849
09082174804
01120220572
06179207887
08405549820
07829698872
04504232804
04898119816
25036836812
06608574800
08532796834
08349142804
10113169868
20120532891
04767314887
19470487834
10982647891
14245850825
06313264800
19484348815
07552351853
07191855800
06124542820
11121653804
12233161815
14873662800
56460546800
04784855815
13601572800
02366851804
10667474820
05974950844
10752781804
03187217834
21521867887
07775245891
20222769815
19749031849
02788357834
06788491887
02256614891
04377214853
04676777868
12502707820
01179578791
05346320849
02244071804
06353445806
88131653820
08180458849
22331578850
19081537849
05118590825
17072385886
04461860825
33047421820
36014630830
02257513800
05898293868
08994862820
06728022872
07012861800
11177527804
42259037887
22534636804
00383635187
09708162868
63442019834
34491902887
08057117834
06709389804
06473210849
02036924891
76997243800
14814430892
14696366898
14237467830
45806535800
09711562804
10714839868
36632554849
01985809834
01223297837
16478111806
05017629815
89505166834
01089052847
05744288872
00391085891
04578066800
00023302887
76066118820
08150508872
00428647804
51698439849
46267956849
00350222800
76739015872
01193171768
07024835834
27722910815
06224326800
00064041700
20846908891
05887160810
07192975834
05976855849
07748949891
10243496834
46371621815
43147070891
38462800897
03397491800
04697413849
16660908838
00370673891
10747788804
85804266853
02411989849
02008580849
45111510834
03918173887
44923554800
57130043849
11338715852
52823369872
07617794851
06297382891
08005672853
12474754849
12401137815
08216959834
24623938891
09806946804
07578814834
48074195872
06370462853
44811705815
33652392868
09115900800
02222299853
14385106835
02568411872
13804368859
13432229828
13197823885
76073599820
08905193820
93984650868
06759424891
10053476891
03239004887
04485017834
04479319700
24663576826
02592657800
09001868878
17080034876
29205514853
08263280834
02689170868
94235015834
07294980853
00154658880
17623700855
67701027815
04833556820
12942940832
15387613867
03529037834
60992050804
13467558844
99072670825
45784957872
90117298891
44614055834
50500473820
61335584820
04418212868
01187462861
14651214800
04986598872
51789566800
06420486815
01031694668
05963982804
23221364849
48013846849
44592949820
60830956891
01017640815
00350214891
46693246834
12820199887
04375513853
09785574849
20674066804
33402469804
00517232804
27594939891
05371120815
45638438815
27555208849
46961763804
09639837849
30757630804
11578772818
07968370825
07527039868
14624646886
07969660878
09528598820
64139638834
60969482868
05245010844
04616642834
08341217864
57225389815
03173860853
60913088820
02576414834
14713203831
04303578851
03372529804
10502815868
04912969834
00408395834
09342176887
30684110253
01123274860
18496822834
27364003800
49967061804
06111734849
06404073820
05159628800
03074609834
28750721887
23129824804
53761855834
05823269820
11503785815
27615499887
00085245801
06619916872
48255777849
56946562887
05773938804
03798178887
04550340878
08859683874
25532430810
05115434849
08588327805
07639970806
01963635868
03197797850
91086124804
08337399805
01129581845
83923152868
06544428868
45286507891
03467023800
23994134820
19380895887
50957899815
60763280887
39587762800
08205710830
04613732891
06719252887
05952166849
24136662815
12819255868
00390003891
01921304804
70031940820
50073940844
99820528887
05473519849
14863893841
14253774830
04615905815
12428426834
03002551872
33201153834
18517170806
00512400849
03559203872
19392648804
12605638804
09634711804
00502812834
29729106800
10506764834
02563592704
01093266872
44862989853
01063090806
11338652834
11006226834
03187780849
37362100868
13058277830
04256782885
08036624834
05733820853
05735556800
05149681849
10727779834
21136734872
02906180882
12051438820
04750985872
17427688813
05590899885
10440399815
04719590810
03961281815
01024922804
09501398820
14297169835
14927000885
06349110820
36712019834
04885880815
41806352834
39945219804
28039653800
05835445849
34619240834
11674229887
21689644834
10747729891
09372946834
34538941891
77095405891
06175295820
17003253887
20911793887
00091146887
19375093891
94692610891
09835598800
06300065804
20607490853
06678017820
01002236800
30908612834
05068142891
00311146872
05962455800
03185460863
07691092849
10737189800
61071897853
49240161872
42278830830
09090797815
29347513849
66471206887
28904761891
03439763820
37611437887
06937489820
27159620887
19382774815
06176518849
36737020844
11441356800
09994637800
06590420882
09217835900
29240646868
38566273834
12143758804
23901829849
00345229800
04939069753
42038383804
09731474820
04864794804
17029457820
61073920844
11828978868
46831924891
30279267800
45120692834
11160462887
07086865834
11009934872
11173130853
09775218853
08992347804
06654100859
04350197834
08097852853
08892466887
02614049891
01670506800
58575553887
18806589849
01151436887
04697081820
03182061887
00380474891
04625730872
02330202849
83696873853
00247731820
08205398801
19154798868
16695842833
06152910820
07109997804
02108992804
11899280863
06085539800
06720439804
47699213815
53757114868
02419190882
05826470887
10402101804
38751046849
11819661830
07912170863
53295102872
04599551872
56202350849
00645419672
06334660853
25581287872
20542933853
12140066804
17021768869
37802267820
25063499872
10609300806
37191497815
14284055852
20880391804
00095699872
12609304838
09360210803
06990428872
10056459815
10050876872
07909276834
23428473868
23052953834
11590033868
07577362620
39436462891
66753961887
23461942804
59152893804
05920892820
08636001749
05045789872
03066100863
52590178891
18836500897
11161442804
32373198800
26882418853
05837413804
22719423815
22797971868
07829647887
04671654830
09053662804
02855224853
45367000800
61607614804
56557795872
16689102840
01561120430
89476220872
08893284804
09764178804
10030670853
02042703834
33390754849
53235355804
09194290849
69498938849
57009953872
03809234834
04621131834
22499881887
14662454840
51700735853
05217709804
85979244891
03289044815
09001913849
04469445800
08592497868
18916120853
05622514800
04937775804
77932102987
07103840849
10749071834
02227533820
02993058720
19152582868
39367584849
15386704885
10399908862
02241552887
11216069891
12873284820
18775403820
17123639804
10104533862
10450360806
09155961800
05179505887
09638660872
11655006800
05202576854
27437655853
13555580850
05812339805
32355890820
42533899704
01898000891
48408484834
04563204820
18363911887
27161617804
10432647872
12818089891
66690749800
01913735834
22391258887
01978144849
25603752815
00403610800
20870558820
02173425820
95629483820
00353817872
06447732868
27960250804
05961599868
01938410882
71863338853
49029800887
05484120810
44634684853
38269880868
08900930834
26625237868
04245646888
44827938849
14858832880
06279244849
08107505891
04763777815
33629374891
04992431887
11532360878
04021231820
87266210887
30038022834
02036916872
03951766891
03017800806
08193274849
06647715800
09002189834
14662982863
57649405834
07195460878
03784460887
08128340891
47050594849
03931498891
25590146887
14430137811
00058521887
78987270882
36042323849
04883845834
07710755887
05908094820
02489309820
05729068891
10239634853
05457467872
69847894868
05926068800
04186320810
32685220844
47255277853
12014125872
13325779972
02586223853
01898817804
03775702814
06574217822
07865279868
32694326820
07956207800
04386396853
24008591753
00502278820
30499607872
02136864815
00321958853
01924214849
06117333820
09157956804
27064123800
06681590810
16169450878
09596135872
00518026868
03299970844
09162747800
03028593815
61591815800
11179694872
04821076853
05382750815
06083242800
09502871804
55393870825
01474326854
06469299849
03757536800
06056237834
14661786807
07212275891
06516408815
44418973834
30939810859
13811657887
10408843853
05138760815
20554826887
15512150804
89266374849
08701148834
11870630882
12319554815
02009048849
09475516891
06482252834
94208581891
00346055849
05095816849
39287637849
05850428887
04030664849
69844038804
12406430804
38511363815
37924761853
21889031887
04996542853
05759102834
16621368895
30302145834
47133368820
29015545804
09171444815
10508392853
22978941804
02724863887
58406670800
03495922849
08684057872
06584708845
09280294849
14779264880
02275970878
00293750882
11805579800
04401484800
14661049888
03035794804
19097611849
89405455834
49828606887
04787803891
03181839868
24651341837
50851152872
15258288862
52735249891
17009033811
53298659800
02285873875
08575002872
14867876810
05026059872
03991520834
00522589804
12936526876
03214176820
09285885802
04755669804
15523100862
06338070872
03090221853
27371697804
03946240844
14751578863
05067294868
07466251897
00626205840
09801642815
12329800800
03004775891
20245262849
06298931872
09340580834
23437588834
66421250882
03993094891
30316286834
18540945800
16623085823
03299228820
05741696872
04925696815
00354341804
02420228804
80799159891
75782871849
76990435887
07077831868
10051317834
12231347849
11758384891
08286353820
26762498868
48535150897
15548341804
30410878804
22686398868
02864282887
00429813872
04940660834
45401853815
10508333849
12869171820
79883621868
01089552815
15729174829
36299294787
06106315868
05240980853
10794573800
10284494887
68148437815
36871869891
68612761891
12710942828
14855241806
30218330804
51856280810
01760610968
04594851800
22100156853
01218449861
05044942871
03439062872
48949914891
00357456815
03777324868
12499757868
06243398820
05691168800
11553670817
20924844868
07218850804
17008671806
14299472845
14890479805
14813166806
00157296806
07757769809
41267109815
06341350821
19298471815
05455873873
03261000830
18960260878
02311454897
02161195883
00697982815
42267480859
03950220887
41699394849
05234592898
09217274887
29332290806
89539630878
29801796804
07029845820
06468837804
14645700863
05991285853
44369093872
02052733868
08127930806
34671242834
65296206800
04447280825
18396623872
00499803191
05651166815
06734430863
09851615820
05512581872
06659861815
48950130734
65411463815
13510019814
14868136828
10564756849
02514141834
60840722834
18957510800
45999953804
43006345800
04765699820
08282455849
04567846834
06927556834
02022389891
09783610830
00658740806
05227399891
15237131867
57481466815
02664941887
61963631820
11138181820
51993724834
08947996815
27121364891
06699670840
06369317810
92179720882
28977777887
19128983815
23343680834
57230412820
89250540868
03017931820
13542361810
03063673862
02258942896
23258462887
05793050825
03725308853
11387831887
25660381804
33369356872
19698283820
01100768858
02846845891
00252557700
81195036868
19149050834
53532872820
01909371815
44864051887
06991920800
51577488849
20878710868
11429810882
09018875872
06989497815
56439920863
21629277800
12919020820
32417322820
05327326853
00559393849
41652681868
08644578804
05489938820
27708721849
08258295853
49805916804
08644594834
01915843200
08630410868
11127988891
33125350859
06268455800
05378397804
09074376800
28776410820
42958652815
40519201868
06542972820
05016959820
09744649887
02364298849
11178795853
04629590820
05631696800
57322074815
09561676834
19338201872
44468571853
07043155800
07623887815
12844748872
09174427849
05024927834
53068157820
04494121800
11576260844
41373782820
05545528849
80506178820
11807903834
00838870759
02996480872
39348920863
01909240800
09061428815
00540510882
28805984868
28254490830
43428797868
05236010853
47912502815
03705838849
29096650891
07596162800
04097394800
38095114804
33316430849
45746729868
09991212868
08538476815
04590767872
50396390820
07120737872
40466469853
23232811868
18766129834
06863043815
02000962815
30853605815
05307910800
45593612820
30975166891
57205809800
07460970859
04841719849
07595808804
18441440891
00649511891
39343499868
44469853887
56447418853
05231930849
05379660800
02118041853
04585550887
08493685887
08507171834
27626172868
18980562853
52597881849
00272833991
19389736820
08573492872
41090381891
08305714853
17044880878
49497928815
02349213820
29006171891
44840586853
24351067853
08554579887
06272568800
61345725868
02934450600
10985409800
26851881853
61630195804
25501682834
87210347887
61190098849
23129263853
11887265872
10905200853
26422948891
11592940897
06369081868
09438556834
43235450882
00576662887
03985296804
61642770868
40326276815
41644468891
23888539820
38473577868
20902999834
10840877820
48973408887
19764251820
02875241834
08433011804
05175399853
05876133868
05043298804
01762907887
06909884868
06302718872
04957571872
29677750887
07439610806
05817382849
07032404804
19454287834
00575550872
00427624649
09327650840
11882816820
05233470810
09606815820
05106559804
00524298815
35175672800
09116842804
03721400844
00350206872
51337410810
22917390859
00663344891
05934427849
00604118805
59832177804
09143653804
11714409872
21424853834
06580858834
01946358800
30513391800
03985261849
08169357853
28133633834
23038209872
07751478853
04789296849
44939132820
39088901872
05294304872
04497902820
21583145834
70131198815
58773282804
25511700878
04236270820
03981169891
06088058820
19217579815
06957668800
05693373800
04650735815
04433815853
46911332834
08061394804
05459982804
22681159849
06701574815
40031187820
02988704872
26384922800
02471221815
11335041834
18603149615
61705837891
20262230844
49695100830
61680214853
02617536815
11239565887
52639592815
01913123804
05141680800
40485811804
05812100853
08200734820
06778194804
46223460872
60886307872
33210365849
11893842800
35943530878
47165359834
07689241891
09120025815
39567214891
23042753891
09342346804
02843358868
07563108815
03272311815
31059309815
39033074834
53573528872
38569850859
60902582887
34657436872
07037929891
09351531872
22236171820
07807627891
05967961887
04380665887
06373640825
51685400825
04957504849
03087506834
03396720806
03950590897
04772326804
08745064849
08454671820
09419780600
03372340868
25352474887
12819131891
36723053834
75571366834
39288560815
02520672820
57553564834
39222101804
30989108872
28339568868
48125563849
30340160853
41888626887
39438163891
29408040872
07188978891
90102355800
42015057820
09953396868
38905060897
38230194815
66974887868
10830340815
28894766853
10921370415
30959608834
38595753849
26712490804
05462940815
06570070800
00739448820
05755409820
04422589849
26718570800
08495688891
48611832868
05526280853
04279379815
06179509891
02693054834
61780642849
00465933815
04768256872
10100857868
12052540806
00547166834
52547574853
05556090815
41327462834
27703002887
27958663820
02932377868
11704608872
10723811849
52367975868
11381949800
46072691820
38535569812
13674239884
02603047868
05359520825
13475168839
14226069889
47139889872
03426424800
04330102820
06765130853
06925138849
30082986800
63896923820
00393576868
42877687872
09889302853
05761689804
26768305891
39548708868
05290600868
38724243868
11836997868
18947719820
17029287800
04138635815
06687784820
02130408834
01126148849
06198406849
01375113887
22144463891
40871231891
25646478804
10020314868
09133500878
11664436804
46113592804
04913590804
09220330806
06062512868
08102023872
05934982834
07944357853
09773606872
27605973853
07678665849
56022158834
09343407815
10387420800
40373401868
08895350863
06741703853
08224420868
07710488820
00363553800
00720038804
47250313800
02940669856
06724485800
06315186815
08192553868
00046651802
37971964820
07652518849
03780376849
04865642820
03727564849
10955356849
03357414872
01065009887
08248354849
19476426853
47254491800
39122883800
18959334804
02313952800
28708750882
06971890825
06575820859
03905691868
19451814868
08882223868
20916612872
32088736891
05518326815
56248407800
56977522887
08665257853
11061952800
20556411820
10154060844
18802042829
27323536804
06289606891
03890031820
05860911815
03090353849
24752070863
84012528815
11714182800
10181350815
26724308887
02119633800
01919520872
08168865804
18829619868
49241443804
04412338800
01920952853
06206786820
10244395853
08159386834
32054149853
00431893853
08340293834
27513408815
03964507849
05471443853
34666389849
36032514820
30157846849
01590529804
33273669853
51731614853
11687797820
12009024834
23317051868
04723040897
18876447849
10173358853
61528544820
33270201834
10434739804
22552618804
09822879849
41020065834
09363122891
11322128804
25768360891
61063770815
52800440830
42807816800
25562681820
12307696849
41122151853
39524647834
12819077820
45885435804
10733388868
02963558872
30955866804
05932033800
11453737804
11497866804
32060432804
06468993849
09594884800
01141074672
05120292887
51679477820
08713650653
03615715349
04873793815
00474070859
48449490804
03867900868
01244175820
10972536868
22380256853
01841882887
02264498820
02586398815
40535126891
08874220804
04939263800
03964086800
06541186804
27544630897
27190676872
11436727804
19426976868
06476694804
14943964834
08747512849
30858925834
23244208720
03760723853
06232566815
44890931872
08207704853
38282348872
04000609815
08601275834
06086292868
00574449868
03346404820
19477880868
07557132815
06370292834
01256556653
25668978834
04883926834
17343879804
09991751815
02687500844
64439461891
11558598804
06306608834
11075830800
64312330859
05906903887
04379691853
45000263804
23125438853
61055220887
30490855849
12509353853
08242909849
40686140834
05976510868
04671045818
19445717872
09335226815
29333164804
06997473849
04506014391
14862511880
44709889872
09951398812
17148937825
15716343805
12497428891
00557331820
32843771820
19406789868
26600579820
99533235853
29576156734
08214960851
33200211849
00168422867
23187301800
06560733815
00673390853
39089398872
14408360864
13150398851
11692955845
11768509891
06340440878
10390006815
52095002849
06735347820
60786701820
07012802804
13503785850
15225165818
15401764871
13670650890
01014822807
05325379801
13630981879
25369881804
14845190869
06954782815
00577227815
61110590849
06770207834
10630066191
00631531815
57337632800
10000410853
00080144853
10272410853
06644805868
63778904868
08250588800
01428500804
08046212849
02070413853
04791398815
21780218834
59350741849
06273769834
77161459834
11877197815
05081440868
16320782870
21899711872
07905670830
60672439891
20275048853
01228773815
02480034887
07570871839
00080225853
01880659891
21297053834
07032536891
10425535800
06967701800
15115017822
06068014800
02122995815
00712060863
08315264834
06683851891
38084287249
20175698872
27710106820
03267121868
05077990891
00548995834
02702711804
07825188853
03018482891
04515960806
00428740847
06634095868
06119662804
43194206834
07579799804
32063229872
42129265804
33418870830
06145000872
04442091820
05102510800
38053926800
03874427749
27510948800
07632413855
51836130872
14229956827
00667374604
00706302834
09037012868
07366226831
08978190987
19301421887
08634625885
14618557800
08340544853
30808456849
19766670897
58710582800
06474110830
02220768872
06750907849
25767429804
08379050878
07525303800
09153993853
05833710863
09814060844
14229208871
15224016878
13601700816
05293910825
00156943808
04807231847
02241021849
22161660810
14692892889
14662673801
10402087895
00658469827
01023080800
07836953815
02497522804
63584751853
10392920891
02885611804
00637688872
08094195800
11547618868
08959285820
86063782834
11786466880
25035096815
24551244872
61855189887
83017410820
29705061815
15121722869
13487297833
19480733820
06292305872
08766894891
00545740800
08171076815
13636372823
02134527820
40234991887
22217355872
03102879870
03355896853
11126504823
07686463834
13624771841
25017094890
14851574800
46448519815
13363054874
02727200897
01134657854
00506770800
13459436875
00118576844
49475380825
11681047853
10019260806
81413947891
00556840844
12051047804
27079880815
03298973815
23424869872
22135588849
11267895853
06333311804
49828061872
81758987804
20873182804
13645486828
06949444834
42819628834
64232425853
00105645869
61498157815
22734988887
49380168853
01058622820
04324269815
04161025815
06041495816
59329173853
14806571822
84564938800
69307199868
13505927813
12827499860
41788540891
20913605891
13474472887
09536124815
14290940870
14079744838
04994167834
04950208853
05298904882
02867893887
10603727891
13149024820
42631688872
00526916834
03516733772
05057507834
00089265815
03909239820
12489573853
60912995815
06734154815
52318540853
05673682891
03967867820
13550446853
29780136800
02859432868
00589764853
02539071872
08455767804
08862079834
91214483887
04835654820
05377544820
09154884853
08344566800
52671283849
03007944872
05745705868
60655100849
37251090872
28575725815
05521319891
08772614820
33101965853
21231184868
09536329891
06737030882
02810492891
21786747804
25869116872
08735131853
04953894804
57067570891
05837294872
60932694853
18570160844
19440901853
04860608887
08019983872
57081948804
04004965853
52528812868
60952512815
07183798887
06505120815
58651160887
06655017815
00603015891
04475160863
04769597800
11715375815
06674518891
08126062800
04317360810
30924987804
63961741891
24554413853
83912690863
11699450820
67954502872
06961061834
06271812872
06403573853
50031473849
05358035834
03787133887
06660088849
41618270834
52079376853
13555928872
27055620872
00577910825
09459600859
21915482887
11360593853
17302927804
04388747815
03935116853
10991140800
54035155853
57669546891
14406914870
25545949887
07199520859
16286378898
03553751843
88365352834
19944250830
57308551849
02318018820
26225107800
02892910897
02873664800
03116285837
00328081191
09171290834
02037521804
02063581800
06441793849
00627089887
06127860806
05858330878
57186782868
11778059872
36476188887
13581600820
18860770882
13156373834
64608565834
07608756853
11786400863
32202091815
25063332820
03781470806
62173049887
56604211800
22869514891
30272408891
09640274968
61773948849
49367110804
08859205891
21220638820
06409016891
38915138872
43374247849
44702531891
02119064849
64584160830
01267752904
06208290872
05017530878
57240523853
06579264853
33347735820
49800388834
61692328891
10316140872
23329653868
04953533887
33126887872
11258624834
05818818853
11479817872
08019991891
02719002887
04582179800
08047731815
31017150834
04849671853
05865069853
10420800891
10752331868
43293301800
13147196887
11218363800
08493480800
13281458831
00467120897
08055998868
47702770830
52021653820
14050797895
11815597828
01072538873
12983649814
44883650863
65408594815
12497223815
06934323815
32664648853
10124853820
06390692820
04595653891
02680181891
03356680897
00257010106
20259751804
06369898872
37275739887
03795586887
00630128804
11597143804
10084968800
05064520859
93423144815
00652955878
14704715825
61022578804
03693171815
10732037867
06827194809
04300236852
76612376872
06330649804
16342606862
14203188881
07642035845
04636236815
04395182887
13255717841
68589735834
99567598800
15800760845
80524168849
05132974805
43261922834
93525303815
01023638894
06182518804
16576689837
13634570806
15720818804
11199688878
09102110865
06340695868
91782511849
24600237820
12911000838
41814150820
18364012800
14813847838
08787016800
15173069813
05126540858
69887047953
19764855849
16485817816
14396518846
18516343804
81086083849
15221087855
67003915804
05751942868
04825284868
86002872868
09986742811
14906649807
16324389847
09429103890
14840368830
10743057872
31787605809
06351823862
08706840868
10388102802
48136832820
14882034824
17245296847
38772876891
89848020853
49143115853
01285591879
06601820849
24486167872
14736937807
14527414844
04162637806
08281301830
98860755891
33783942934
38439778872
51935066820
20271255820
29208880800
03739620889
14851298854
09065368809
05354147816
04676447809
25601822891
15747408810
08655757896
36040185872
15140596814
03319855867
14249149811
52727181868
23704403849
15800191883
01129863824
27954293815
22672920842
37605852800
06836004863
49704931891
03791688200
05717183887
47207850859
11263136885
04688411804
67020534872
04137910847
19487759808
19923627853
51671689887
56102151887
81069570800
05372003804
81277733872
15093844802
15398259814
16417951820
10624009840
02181967849
09487391851
04810767868
65057350897
16297308829
04619595853
10720660840
27249000810
17423748838
60971827834
09122614800
03571820819
29759919834
17449196824
06584313824
32667477804
14737103837
22244700887
04694040863
34423559749
05528186820
15714841832
02462800859
20127219820
04175522891
13464227880
49831194853
60576529834
13518769880
13764771810
15721548886
11760639877
10720379806
04914163691
03936406804
87649780872
63967111849
07032722849
80723349800
12931253855
57483663804
10753869853
02883171815
15193173870
01469058812
08332099811
04289900887
37179713872
07411886866
68382987834
30205576826
16897723878
18416233853
14516980894
11601113838
12848382856
07199333820
19721900834
09151397404
15261462827
13553090855
61854050834
10520486846
11136308849
00648065880
56443170806
01150357886
06625789887
08922037814
67948804820
02984296834
01182065830
15280553816
06680984815
16623391860
10697887839
06728294872
08836796800
01902849868
87514290800
05729505868
16583135850
99486911800
08524800836
05466830887
16369460893
75900750868
05745020172
16472252807
06318827820
04916077849
05725011887
17008346816
25544615896
14194527895
68495765853
67751431849
01957287853
00837787807
68902794849
17068633811
05731313849
04711246800
14303370525
64908828849
13669977864
04575164887
14339216852
17018020824
08683980804
00738149896
03985105804
14862575854
03997324891
16905438847
16602727850
52874435872
14244888420
01312861886
14233052805
42016592834
05268954890
12525484860
00588024872
07187890834
95104712834
19521059869
08194157820
51767910649
24952834891
15298213120
84292504849
46185313804
05579252820
11836072880
13542056855
12271934834
04490460872
01126593818
11383945802
56312679853
10724306811
15239046824
05847532849
08490476845
37356003872
04276191815
18666809868
00893586862
06297072868
01624646816
15237409814
95252150834
04937317849
14425252829
48525189804
15129410858
19367198868
84045043853
06747205804
00313408815
61754617891
08489424853
03385043891
03725510849
02714221815
04139569891
07569750853
45383383891
20591209853
08859973872
61473111820
03785467834
00690210825
40299147800
04868536834
02235692834
05001439868
02349647820
30183987853
49695797849
06649351849
07009879834
00656275804
37632752820
03558703804
00636630820
30355591804
13490044800
00069973920
06101690849
10028250834
18847595800
33313326820
29360307815
06718345849
47639393868
09963863868
51703858891
04924711853
44608993887
04279735891
13610808845
05006645873
01929712804
29829852849
19123728868
03944743849
08344799821
47786256849
02244446891
26969636810
85695211891
08195394817
20124929400
49693840887
16412292845
14377102800
80821219804
02368188800
14813625851
27116093834
53098188804
14278511825
70430632800
45112835834
14806625850
64613135834
16325614844
05412358853
04462939891
14857785811
95079092815
15400196837
90422341800
75740451868
11143061853
00613890809
02632772834
45087334849
07506066815
12905640600
06119727868
06595251868
76346277804
60914866834
03890503853
18833462820
05281075853
04339550825
02047128820
10390189804
76877132815
43166970800
00739219804
17106449822
03068625815
07977131820
02537958853
25082027891
04260856715
12454800810
07073992891
04152670800
81247168891
06316506872
02578000859
58601031820
06722890830
13569678849
83876456800
06624707887
33905940868
24553921804
87494213872
11643021834
07213840800
32633289800
93268440800
14641865884
10683021869
16300651886
23684631868
04756665853
00794356885
50046616853
39326152804
21015406815
61027510868
30264391853
14245382899
08778531853
06129676891
06697283815
03830195834
06403867849
04545400868
03361586887
51687305820
33041164868
30765331853
61052469868
39443620804
31059929872
16251083891
00381004872
90044835868
03699056872
37264869849
08374058820
22234730830
20702841820
03030563804
88279944834
41949331849
03593355868
02726068804
11694564800
52491366800
14402849896
08001715868
17279623891
00459832832
01257726889
14654012885
00603057896
08528284891
04977874820
16471851812
04805453834
02434717853
03949067809
04816846891
07216653815
10642188815
04715543834
06361439887
48570222815
04475534887
00610070800
20016590830
04577531887
09968032891
42955424820
05900867820
32278870882
07056753868
09745270849
06375766834
06559611868
01022393804
04786491853
13112708849
06509073889
20063709872
53679725868
06956165791
02317397887
00626031834
03064905872
02868873804
07998228849
00681440830
04601890772
39246728815
13557345840
22469770882
02512785815
06714650825
17532747883
13541535881
12435171820
00692751815
28458877872
14740395886
76992608800
10032936893
08111782853
30323398804
03892980853
00697869849
28970241868
25073842804
20015844820
44952368815
05555060882
15319613806
01894021800
11888431849
13155172800
12027448853
01010351877
03319564897
28863879834
14864686831
49127721868
11598395815
02883228868
38477807868
17633472812
21930740891
93570910849
84749881872
18398731834
04624158806
11621443868
51655195891
32350457834
80817238891
09460586872
11514493853
11442573872
39270360806
07849257804
04748263849
06597971868
07799918853
07987269891
03182762834
03260224815
03446018891
91097193853
03759733891
43119085804
42834848815
72484012853
22232940810
03825353834
01965042872
08311714800
03012069887
02598701887
01354140915
11382414820
31072011891
28484860825
06415288849
50185098800
06376851800
76182070897
10019120800
61094579815
02369036834
33284636820
08181390806
06937225849
04982908834
20131135872
47166061804
41922867853
18367330897
47518855887
15258064832
23405546834
52016439815
46155422834
26746662853
23129140859
06415024868
07097284846
15118830818
06989667834
06329080844
05603285834
14678779809
11596430834
16374305825
90436857804
13628486890
04279581800
08748144800
12978916869
60821345834
14748651865
01663126739
03460932872
02893762891
53099699853
03923975872
13922408834
15122649898
07710739849
50267442815
21965331815
52459527853
26619342868
68716796853
02027496815
04763556800
75647478891
05949912853
38631202800
02687925853
00649341872
08810036891
05977606834
07722974872
08004250815
08738876892
04756657834
10207759804
16542994807
12402702834
06356702834
60952350815
12508080810
13536719848
22080414887
08821194868
04587766887
24350834834
05326699834
07862458834
06225055800
04966805872
04959540800
06307493887
57586381887
05084849872
05617120859
17660197819
20974370878
07990138891
04459849887
32643470834
00833239708
08001537820
32181965820
05094763849
08569568800
02177838800
17189527591
02508311804
04569679820
04802691815
02775646891
05091136800
01927450853
06561292804
00204299918
43192203820
06368050853
10117423815
12304751849
00506753891
03089622815
02907305891
02531305815
05772788868
19144270844
21432279815
03393232800
14187121838
52927814872
09304576849
75950006887
68678193891
50032879849
22462376887
04147065872
28928407834
06646034834
02890925820
52198359804
05751357868
08533636849
19344775834
61049654820
85379794815
18539920891
14293091807
30786827815
66786428800
58455310804
06622852804
06361889815
46627308800
17303001891
46682180810
05138230859
09772855887
09180389872
04803558868
11212322800
84014520820
05300541834
52115488849
27442497853
30634764802
64682226800
49579835853
03259455868
15410685806
17854920710
40646416804
48972347868
56952066853
17090385868
29689503804
09693084853
52344304800
00590983849
00671855840
50579711820
18647367804
13623701858
23658223804
06089054887
03368980882
29726018820
01628984872
06152058872
04925033891
03864987849
06966748820
25060120872
60997524804
40682382868
07268130872
09664289868
09119507887
06908691853
04926137887
09006915815
28878434868
08883610849
11028823800
10754598853
02728516804
17281644868
38046946834
00631221115
00739731815
00831387815
51936852853
01562282891
11419342800
37242725887
09101233815
00757675891
26456117887
06676642891
04996836849
04720512887
03371824853
22839801868
08322953887
93943261891
00079081800
13592084887
03170845853
12107298815
02058499891
19676484849
02655195868
12405507820
17037492868
19310510897
37322680804
44301650849
08827150897
11514124815
05936292800
19676905887
33205680863
33393990853
06811205849
06993311887
43433774820
06577180849
06175856872
22632158834
23054697800
00849766834
11179686853
05858780806
09253254815
10353771872
06713122868
07022484872
10857036815
64449807804
06601766887
04720644872
08357544800
33313270859
47273992887
08793158815
22295496853
64769135815
37338994820
30334713820
05414458804
04284976834
04615958854
05530423868
02879123887
60859555887
09501860825
11252936834
09738827868
38374854804
06650503800
05361990868
02555263853
04349202820
37693638849
40488624800
78174880887
09600833834
00810070863
07021224834
02224534868
06929400815
63557096815
10600213820
30506760863
04446569872
53122100800
03770036891
53804619800
09593446834
07079222834
05242274891
07784236891
53085159800
26179148872
04160320872
06455590830
27641872891
05717736800
38899493804
02502267820
03916642804
63514494800
05099684815
04291905815
72853425800
08980080859
01198890649
07644183868
10260293849
61514179849
04946596887
04275900863
02615762834
06923313872
04802349815
10135022800
11758465891
03401405853
47167092800
05684226868
52283232872
59708670804
03352439834
14994038872
23431903800
10572937849
07041381820
36645133804
28007379800
11060484820
02865955834
15547094820
23994827868
37159739868
08196125887
02392666253
11196289891
25528890853
53753801887
46331581804
05937671872
28890922834
42824052872
09457518853
91228859868
28575750844
09085807891
00812200810
50887823815
42614210897
00340812834
09022287815
04976266834
03394042800
00654736804
03361845815
00422223620
10432531815
36639907887
27701166815
04135806872
05992222804
62201620806
56329423849
04423844753
06523854868
21740739868
01029746753
07367104853
91290694834
02226499849
04167783800
09036105820
05911656868
08702870878
02492342891
04547799849
16751260890
19743610804
04881281887
12698597810
06375650887
04836910897
26933098834
38213940806
06311580810
61211451887
27676501849
52616517868
21893691853
32619081815
08688338868
30875498868
18667821853
18834647815
04936973815
45619182800
64604420882
00814881815
60962607800
38395983891
20124805868
08939497872
10995552800
00731722868
01537960571
01112325620
57779244849
00839981872
08287511887
03014665800
30106184849
00228958504
36726478887
06449611804
52824306815
09969662856
45358460810
07752981826
02940585830
81708777849
05499992800
04768248853
60917296834
20794681891
03623516864
30954142853
06084028853
10750657804
03468755872
05763541804
18772803800
53615646800
08121761891
07313527853
06760945891
06553320810
46390030800
01943421820
61292109815
02860554815
45444323834
07972598800
27182290804
01112287868
11611537800
06641792820
02041170891
10984224815
03076180800
39119491891
41845056868
24430951772
14636366875
08112339872
43459897872
28791957800
02505592853
00717630820
00782211887
08166846853
03003973800
05309786872
07833237868
41365631834
06947123887
03389642820
26721627868
02905310804
09801278820
02789701687
05875773804
29413265887
00868299804
19151918820
04509404891
03098370815
20607482834
01944126872
02935880820
03079791800
00798720859
10950702820
84471085891
07965320878
21107602815
04628926891
67408508872
06306314849
06151663853
12038164800
11592680887
08012849887
10196242991
03440885887
02774470897
02933675820
09911480887
02427974820
06120709800
05014840868
11135883734
06453643804
05145040806
33322767868
13560867800
06448968849
03073068872
04539125834
29332621853
03347737849
05860784872
03361993849
04075080820
05805902834
61165018853
11713763834
06736106834
05686482853
05903181872
06432425891
25372394820
08717257891
29019850849
61379646804
04619137804
13438180871
03360377834
08332404800
15101830860
42775930891
07905220800
60892765887
03213153249
14856427873
91432235834
12742537805
15247959841
16377840829
05615941804
30782434860
00414332890
20259433853
01320163890
14288098807
07613672840
03953580272
13424618861
10743552881
11259742814
10018739806
45055149949
14407702800
04786432849
01995413887
03294012896
03813274853
01058395823
00843571853
03076202804
02435322887
03511693853
05160286853
08139571849
04909640878
10821341804
11320354815
03439160882
02575752868
12427713872
07588887834
38735172800
07825676815
30743630882
19762569849
08762139800
09509445800
10862862868
45742219849
03956318820
29671400825
05252628815
00845973800
00827878834
09742476853
21827745800
15529320872
09611363834
18791000882
06441483815
07552378891
03986411887
19495137853
07530593803
22272410804
23056487820
11894459806
00729108872
15405812846
14856365827
06986927800
02900190878
05595380810
39565173853
23864125804
05799007891
06169660830
16422662807
00739936891
53385918804
03780880849
00816370800
08567158834
03981886887
15275969821
14806756873
09948694872
05910293834
12156604800
07980884868
05106060834
04753674800
01102044849
06223303815
10406670820
24334081800
04537564849
02811367853
44718675804
60853247820
00533203791
02379139849
00546127800
11582270864
14264054800
90342968815
91982421800
22851704834
26467410815
07040067820
08661707820
02187507815
32060939887
53105168834
02129914853
27463168891
34479031804
12318388849
03277619893
04282215801
52181472815
02862050849
24429813868
07634560804
08092559872
05493072815
18903550897
66479525868
64948714887
38575884891
00090478835
09883363834
05516960878
05819016815
05870372887
26173204800
19129394872
07568363872
26080842815
04708059868
06371418815
07953135868
03188140800
21709165804
36731684872
25368184891
23674199815
05550513820
27347850800
61096253887
06597939891
46212663815
23956941853
07576269804
06446485891
08458235820
08196117868
32711255891
02814552872
02664054872
05486807872
14848626862
00754820882
37233092834
00824704800
02123541834
03944867815
50557122872
00824852834
03008657834
04740084872
39688186872
10742808815
01695258800
04469399868
18960081868
03823539868
09532145834
04557883834
08714258820
23003570897
03554066834
03259021868
41799607887
06185410982
04669436872
07050437891
00776564820
02066270849
41118324820
03351491891
18959091804
00008109834
00632902949
99769271853
89782682853
08060444891
36487295868
31899560815
05375622815
08525137804
19400870825
61937045820
05598974800
08660590830
02550857887
00756652804
06697178868
02020831872
01043528687
13063362875
01245384015
53024192891
19111967820
56068603849
06400345868
00761281800
45799989872
00757365868
05941644868
05667320843
95078860878
48000442868
21782830804
04934628800
16662507830
02233177800
01968602887
28708938849
47995270887
05712211815
06639240815
21241872872
12442852853
11971967653
11541210891
02550296834
08952108868
30338395849
18306303857
08394653863
03275700839
04911580844
13280531802
14723206892
04940849872
09479073862
47936290834
87154412887
14726913859
15237463860
16148652803
10352931884
14755973805
07372940869
07011601872
07160399820
06727522804
15356598823
02776529872
44592647815
21117470849
07678657820
17623220802
13214190822
09990530866
09933670891
02952966826
81743858868
37819607815
17120147811
85556106800
09360000825
14804677828
15299950861
76905063800
30329027891
51655500872
02423006853
13686184800
03795373891
00861464834
15735987801
04830083891
02874326887
01992180806
07894945820
00348104804
46431543815
18899030863
07457880844
41586484834
04159055834
00410586820
02513145887
04159012868
06265561804
06427090844
10103848800
04767071887
87292610820
13660168823
02852896753
06088619872
05557429891
51994895853
02500485820
05963524849
03962989820
06729533820
06795978834
02952310840
16998456891
09480030810
50253590825
08857709868
02881810853
80871496887
66947820804
13555111868
58039791804
06167055815
37286447815
06394248800
22208985800
35987529891
02404516868
63994976804
15365152808
91468310887
00598813802
02241430854
28905012809
16581142808
16584005852
06775896891
61104361868
06375529891
00794970800
09945709887
44338384891
03099415804
10229345891
06274714804
02854169875
30453593887
02868520804
04776607891
69970793853
32692013891
25890808834
04806247804
16583328810
13461763888
22413413804
00644865830
06138047834
41845552849
15355996850
02358727849
61716863872
09510354872
13555920898
02841037800
00336939949
07075804804
00414492153
03714667849
06515703872
00751928887
15463068895
04769805853
03239179687
38720337868
02016478853
06611125868
21432759868
02540703887
09175164868
02971151891
07181671804
47979011872
05873193800
03945537800
38833271820
03072819815
19466404849
12648728104
47164638853
27002977849
14320722850
21898650853
09787992834
05745357800
02423812868
03769807880
15168146813
14634936810
99800780815
06436749853
01882716868
05878802872
26456591872
37231596800
46865640853
30800609891
53044495849
30217806872
04400089800
07998716800
11422781828
19406630834
28050100863
45744327800
02507897015
82275459804
16468427827
00645431885
01201224802
06996930804
19689489887
05684838804
35177713849
08906440804
08833761800
08246661868
19558112887
18904459834
14643540818
52659682887
07640919800
30344638804
00717827887
91768993815
00426574826
08400164849
67881190825
11574573802
52687295868
11110157835
14660998878
14566177882
04880604860
09761870863
04991054869
17327778888
68812825834
10219331804
24551570834
05856256891
04253450849
00454855850
27618463891
11356707815
03593134853
94696934853
18763243849
03091627853
11478152834
05508819800
00536830800
08425345804
15599002888
05457726800
02700930878
05576180887
09311075809
06053382809
34573550887
98736612804
15729975830
04574443804
42562856872
04822676820
04236076853
07709382800
12698539020
08573425849
33431027849
80251048853
56750390900
17529411870
00758647891
04988426815
06356150882
16648873850
15416873884
45603650834
12031631853
06563066887
08208638820
07024681853
03497984868
66061970820
19302134849
06409186894
15162496820
04919181868
06960740878
06243126072
40637760859
06380425853
38518023815
01991728891
24931560806
06523013804
06447619891
09914340806
09874984872
11108045804
10412913887
06951937834
09028064834
05765919804
08556393853
07080298849
08898979800
07791070804
00830186891
06180590834
11888229853
14753618820
15541304849
05392381804
08314411868
10021442800
02149664887
37998986891
07869533815
00809217872
16197119820
54615453868
08541833887
03502392820
01884387853
21897883820
44267665834
06787533853
29361770810
03900240825
07084226834
20173636853
64238369815
05874165800
05329736820
06796354834
06684955887
42439035815
05078024891
27148173868
01093657804
03375307853
06635393820
41165292815
07645082887
03789110825
00661864804
12814369849
52739724853
03823032887
03021904815
80569889804
98924354868
18931740859
04803981868
02940736804
10977872815
07994954847
06715593892
11842837885
21269351834
18877559853
03442411815
00053996887
10109200810
08264686834
04777816834
07850727800
57931682815
02051290806
02427460800
03410765891
51722305800
22297553820
51718049820
10190694815
10988793849
00752690825
94998205820
01357778872
15138643860
39828212820
15721383860
04640284853
25072366804
60970375891
05017793887
13536509878
29849934891
95404090804
13561189849
10580331822
90001508849
75572230804
06448569804
10740104853
05756723820
66721199815
04558537891
09691227720
00655953868
06340709834
11461052823
03175715834
06997830897
04941870859
76389812868
06032345858
81355424887
16888070808
10518428834
38978512887
80609090887
02723514820
30043972853
37554247891
29717191891
25605560816
04402901804
02252023872
10354050834
88734633634
05740282853